      -5.7500      -1.2500     166.0000       0.3353     564.2470      -5.3186       5.0000
      -5.7500      -0.7500      12.0000       0.2533     648.9917      -3.4383       5.0000
      -5.7500      -0.2500      12.0000       1.1690     669.7167      -3.1450       5.0000
      -5.7500       0.7500       3.0000       0.2987     480.6333      -9.2200       5.0000
      -5.7500       1.2500      16.0000       0.1964     564.8625      -5.8263       5.0000
      -5.2500      -2.7500     136.0000       0.4656     575.5728      -3.3021       5.0000
      -5.2500      -2.2500     320.0000       0.4841     527.6463      -4.4308       5.0000
      -5.2500      -1.7500     344.0000       0.4653     565.7180      -3.2214       5.0000
      -5.2500      -1.2500     149.0000       0.4045     556.7617      -2.0948       5.0000
      -5.2500      -0.7500      24.0000       0.1005     578.3583      -6.6946       5.0000
      -5.2500      -0.2500      34.0000       0.1731     511.8618      -4.3044       5.0000
      -5.2500       0.2500      52.0000       0.1532     545.0827      -4.2208       5.0000
      -5.2500       0.7500     156.0000       0.4232     592.3365      -1.4521       5.0000
      -5.2500       1.2500     253.0000       0.4136     598.1885      -2.5746       5.0000
      -5.2500       1.7500     219.0000       0.2852     568.5708       0.5435       5.0000
      -5.2500       2.2500      80.0000       0.2336     563.2562       0.1146       5.0000
      -4.7500      -3.2500     144.0000       0.5213     595.6826      -1.7491       5.0000
      -4.7500      -2.7500     231.0000       0.5683     498.2498      -5.8684       5.0000
      -4.7500      -2.2500     182.0000       0.4623     545.2665      -3.7946       5.0000
      -4.7500      -1.7500     166.0000       0.1992     473.7934      -4.8105       5.0000
      -4.7500      -1.2500     112.0000       0.1645     501.8134      -5.3670       5.0000
      -4.7500      -0.7500      98.0000       0.2019     478.3347      -5.1758       5.0000
      -4.7500      -0.2500      84.0000      -0.2200     444.8607      -3.2595       5.0000
      -4.7500       0.2500      55.0000      -0.0211     479.8182      -3.3991       5.0000
      -4.7500       0.7500      41.0000       0.0561     655.5732      -5.1761       5.0000
      -4.7500       1.2500      87.0000       0.4025     501.0080      -1.7572       5.0000
      -4.7500       1.7500     231.0000       0.2863     534.9874      -2.2484       5.0000
      -4.7500       2.2500     228.0000       0.4681     571.5048      -1.8993       5.0000
      -4.7500       2.7500     194.0000       0.2497     557.1356      -1.8094       5.0000
      -4.7500       3.2500      88.0000       0.4263     553.8739      -4.1012       5.0000
      -4.2500      -3.7500      73.0000       0.5062     544.2630      -2.4807       5.0000
      -4.2500      -3.2500     134.0000       0.6293     543.3216      -4.5007       5.0000
      -4.2500      -2.7500     127.0000       0.4745     493.9378      -5.4452       5.0000
      -4.2500      -2.2500     141.0000       0.3810     448.4582      -2.6462       5.0000
      -4.2500      -1.7500      78.0000       0.1505     533.0705      -1.5163       5.0000
      -4.2500      -1.2500      50.0000       0.2505     482.0180      -1.8436       5.0000
      -4.2500      -0.7500      25.0000       0.0470     512.4200      -2.2108       5.0000
      -4.2500      -0.2500      22.0000      -0.2511     696.9409       1.5818       5.0000
      -4.2500       0.2500      75.0000       0.2418     519.9467      -4.5783       5.0000
      -4.2500       0.7500      77.0000       0.1708     478.7000      -6.5922       5.0000
      -4.2500       1.2500     109.0000       0.3072     621.3339      -4.3829       5.0000
      -4.2500       1.7500      85.0000       0.4062     553.5753      -0.5402       5.0000
      -4.2500       2.2500      92.0000       0.2797     552.8783      -4.7689       5.0000
      -4.2500       2.7500     138.0000       0.4368     579.6638      -1.9325       5.0000
      -4.2500       3.2500      63.0000       0.0922     544.8587      -2.4190       5.0000
      -4.2500       3.7500      94.0000       0.1715     557.6298      -1.9631       5.0000
      -3.7500      -4.2500     117.0000       0.3030     609.4128      -2.2308       5.0000
      -3.7500      -3.7500      44.0000       1.6780     673.0955      -0.5577       5.0000
      -3.7500      -3.2500      90.0000       0.3352     488.4067      -5.7194       5.0000
      -3.7500      -2.7500     120.0000       0.4132     460.2275      -2.5082       5.0000
      -3.7500      -2.2500      68.0000       0.1910     480.2853       0.2985       5.0000
      -3.7500      -1.7500      34.0000       0.2459     502.0265       3.1812       5.0000
      -3.7500      -1.2500      38.0000       0.5178     445.7868      -4.5545       5.0000
      -3.7500      -0.7500      21.0000       0.6769     700.3476      -3.0390       5.0000
      -3.7500      -0.2500      23.0000       0.7710     556.6826      -4.7865       5.0000
      -3.7500       0.2500      42.0000      -0.0729     496.1929      -7.0776       5.0000
      -3.7500       0.7500      87.0000       0.1959     460.2839      -6.6991       5.0000
      -3.7500       1.2500     139.0000       0.3887     461.4691      -4.9586       5.0000
      -3.7500       1.7500     186.0000       0.4910     520.7032      -4.0790       5.0000
      -3.7500       2.2500     172.0000       0.4985     495.5000      -3.1572       5.0000
      -3.7500       2.7500     199.0000       0.1031     527.0241      -1.6248       5.0000
      -3.7500       3.2500      90.0000       0.2175     456.0378      -1.8539       5.0000
      -3.7500       3.7500      79.0000       0.2148     511.1810      -4.4901       5.0000
      -3.7500       4.2500      67.0000       0.3938     516.8701      -5.8740       5.0000
      -3.2500      -4.7500      65.0000       0.3589     546.7338       1.6037       5.0000
      -3.2500      -4.2500      78.0000       0.2438     553.0321      -0.4813       5.0000
      -3.2500      -3.7500      52.0000       0.8062     587.6346       1.1256       5.0000
      -3.2500      -3.2500     117.0000       0.4926     426.8590      -3.2996       5.0000
      -3.2500      -2.7500      84.0000       0.9148     485.4667       0.1201       5.0000
      -3.2500      -2.2500      50.0000       0.3895     533.4560       4.7494       5.0000
      -3.2500      -1.7500      35.0000       0.1875     401.4829      -4.7420       5.0000
      -3.2500      -1.2500      48.0000       0.2466     399.9604      -4.4321       5.0000
      -3.2500      -0.7500      33.0000       0.7379     559.9758      -2.7876       5.0000
      -3.2500      -0.2500      50.0000       0.5222     460.2680      -8.0474       5.0000
      -3.2500       0.2500      51.0000       0.3715     439.1274      -2.6904       5.0000
      -3.2500       0.7500      94.0000       0.4345     467.4926      -4.7530       5.0000
      -3.2500       1.2500     170.0000       0.4600     511.5712      -3.4608       5.0000
      -3.2500       1.7500     159.0000       0.5697     542.5654      -1.9842       5.0000
      -3.2500       2.2500      99.0000       0.4515     534.0566       1.6253       5.0000
      -3.2500       2.7500     169.0000       0.5310     576.6882       1.4400       5.0000
      -3.2500       3.2500     119.0000       0.4150     625.7840       0.4733       5.0000
      -3.2500       3.7500     132.0000      -0.0905     493.0038      -4.6954       5.0000
      -3.2500       4.2500      93.0000       0.2095     523.3462      -4.1985       5.0000
      -3.2500       4.7500      56.0000       0.4249     450.7982      -8.7354       5.0000
      -2.7500      -5.2500      48.0000       0.2641     467.6771      -4.0658       5.0000
      -2.7500      -4.7500      99.0000       0.4019     542.1313       0.0691       5.0000
      -2.7500      -4.2500     139.0000       0.3278     579.6863       0.1936       5.0000
      -2.7500      -3.7500      72.0000       0.5721     600.4556      -1.6793       5.0000
      -2.7500      -3.2500      91.0000       0.6357     403.7879      -3.7175       5.0000
      -2.7500      -2.7500      21.0000       0.9356     458.4714      -7.2471       5.0000
      -2.7500      -2.2500      46.0000       0.5263     541.6696      -0.5576       5.0000
      -2.7500      -1.7500      54.0000       0.1280     498.0630       1.1546       5.0000
      -2.7500      -1.2500      83.0000      -0.1379     521.6855       1.1751       5.0000
      -2.7500       1.2500      71.0000       0.4084     551.2845      -4.5810       5.0000
      -2.7500       1.7500     116.0000       0.7551     553.5034      -3.3817       5.0000
      -2.7500       2.2500      89.0000       1.1303     606.6798      -0.5037       5.0000
      -2.7500       2.7500     171.0000       0.7856     569.8778      -2.1595       5.0000
      -2.7500       3.2500     112.0000       0.7060     633.2054      -2.7276       5.0000
      -2.7500       3.7500     204.0000       0.2621     557.6314      -4.1069       5.0000
      -2.7500       4.2500     243.0000       0.2889     500.2424      -3.0295       5.0000
      -2.7500       4.7500      23.0000       0.2829     441.2783      -1.2922       5.0000
      -2.7500       5.2500      18.0000       0.5211     453.9500      -2.4261       5.0000
      -2.2500      -5.2500     102.0000       0.1698     475.5980      -4.5394       5.0000
      -2.2500      -4.7500      69.0000       0.3358     533.0029       0.7316       5.0000
      -2.2500      -4.2500     105.0000       0.4981     595.2600       0.7108       5.0000
      -2.2500      -3.7500      31.0000       0.8194     669.0419      -3.3894       5.0000
      -2.2500      -3.2500      61.0000       0.6695     430.3459      -1.9048       5.0000
      -2.2500      -2.7500      31.0000       0.6660     495.0355      -5.6074       5.0000
      -2.2500      -2.2500      81.0000       0.5122     484.8827      -4.9294       5.0000
      -2.2500       2.2500      84.0000       0.6450     497.7679      -3.0802       5.0000
      -2.2500       2.7500     155.0000       0.5029     518.5342      -3.9692       5.0000
      -2.2500       3.2500      97.0000       0.7903     555.9258      -2.0111       5.0000
      -2.2500       3.7500     163.0000       0.8637     619.5301      -3.7150       5.0000
      -2.2500       4.2500     331.0000       0.5150     568.9906      -3.7979       5.0000
      -2.2500       4.7500      65.0000       0.5180     532.5354      -0.9751       5.0000
      -2.2500       5.2500      22.0000       0.8486     578.3273      -2.4418       5.0000
      -1.7500      -5.2500      98.0000       0.1919     459.2561      -4.2874       5.0000
      -1.7500      -4.7500      33.0000       0.5788     554.4667      -3.8900       5.0000
      -1.7500      -4.2500      66.0000       0.5397     615.8606      -2.5992       5.0000
      -1.7500      -3.7500      32.0000       0.4961     523.3875      -5.5387       5.0000
      -1.7500      -3.2500      59.0000       1.0524     488.3559      -4.8027       5.0000
      -1.7500      -2.7500      25.0000       0.9503     562.0640      -4.3672       5.0000
      -1.7500       2.7500     123.0000       1.4603     502.6894      -4.0870       5.0000
      -1.7500       3.2500      84.0000       1.3382     491.0643      -4.2470       5.0000
      -1.7500       3.7500     160.0000       0.9279     517.6700      -4.5677       5.0000
      -1.7500       4.2500     119.0000       0.7993     571.8966       0.4053       5.0000
      -1.7500       4.7500     294.0000       0.7069     610.2884      -3.3963       5.0000
      -1.7500       5.2500      47.0000       0.8242     564.5192      -2.1930       5.0000
      -1.2500      -5.7500       4.0000       0.4856     314.2500     -10.8200       5.0000
      -1.2500      -5.2500      76.0000       0.2744     483.3224      -2.4716       5.0000
      -1.2500      -4.7500      24.0000       0.5257     603.2083      -1.8487       5.0000
      -1.2500      -4.2500      83.0000       0.5081     581.8108      -1.2982       5.0000
      -1.2500      -3.7500      61.0000       0.5009     487.2475      -0.4625       5.0000
      -1.2500      -3.2500      22.0000       0.8410     451.1045      -6.0768       5.0000
      -1.2500      -2.7500      37.0000       0.4255     477.3946      -2.9746       5.0000
      -1.2500       2.7500     150.0000       1.0414     483.9860      -4.4320       5.0000
      -1.2500       3.2500      69.0000       1.2704     504.0449      -3.3046       5.0000
      -1.2500       3.7500     123.0000       1.0219     477.5431      -5.0500       5.0000
      -1.2500       4.2500      72.0000       1.0608     458.7361      -6.2829       5.0000
      -1.2500       4.7500     299.0000       0.6883     587.4294      -1.5298       5.0000
      -1.2500       5.2500      95.0000       0.7849     594.6042      -0.8856       5.0000
      -1.2500       5.7500      41.0000       0.6875     535.0488       1.2944       5.0000
      -0.7500      -5.7500      32.0000       0.2914     343.6813      -6.0884       5.0000
      -0.7500      -5.2500      40.0000       0.1741     417.2675      -2.2650       5.0000
      -0.7500      -4.7500      26.0000       0.0377     490.0808      -2.3788       5.0000
      -0.7500      -4.2500      66.0000       0.3220     466.1182      -4.0950       5.0000
      -0.7500      -3.7500     110.0000       0.8761     549.1845      -2.4711       5.0000
      -0.7500      -3.2500      16.0000       0.5736     575.1312       2.1781       5.0000
      -0.7500       3.2500     165.0000       0.9921     472.8103      -4.1067       5.0000
      -0.7500       3.7500      65.0000       1.0560     480.1354      -4.7166       5.0000
      -0.7500       4.2500     103.0000       0.9960     393.6408      -8.5191       5.0000
      -0.7500       4.7500     174.0000       0.9344     592.2339      -1.3249       5.0000
      -0.7500       5.2500      76.0000       0.7551     576.6303      -2.6066       5.0000
      -0.7500       5.7500     115.0000       0.7330     579.8870      -4.3735       5.0000
      -0.2500      -5.7500      40.0000       0.3077     351.5425      -3.8925       5.0000
      -0.2500      -5.2500      25.0000      -0.2624     314.3040      -2.8932       5.0000
      -0.2500      -4.7500      34.0000       0.1514     438.8235     -10.8544       5.0000
      -0.2500      -4.2500      38.0000       0.5434     429.9263      -7.2447       5.0000
      -0.2500      -3.7500      41.0000       0.1946     528.5293       2.3217       5.0000
      -0.2500      -3.2500      42.0000       0.8079     598.7667      -2.3093       5.0000
      -0.2500       3.2500     104.0000       0.6545     481.3346      -0.0656       5.0000
      -0.2500       3.7500     120.0000       1.2023     441.0258      -5.5728       5.0000
      -0.2500       4.2500     127.0000       1.1444     437.8394      -4.2813       5.0000
      -0.2500       4.7500     133.0000       0.8497     595.6932      -1.8763       5.0000
      -0.2500       5.2500      92.0000       0.7275     578.8076       0.2077       5.0000
      -0.2500       5.7500      93.0000       0.5580     538.7860      -9.3991       5.0000
       0.2500      -5.7500      23.0000       0.0264     385.7304       4.9687       5.0000
       0.2500      -5.2500       5.0000      -0.1160     341.4200      -5.2420       5.0000
       0.2500      -4.7500      19.0000       0.1416     379.0895      -8.7484       5.0000
       0.2500      -4.2500      17.0000       0.4229     523.5059      -1.1188       5.0000
       0.2500      -3.7500      19.0000       0.2307     458.1895      -0.2337       5.0000
       0.2500      -3.2500      23.0000       0.5317     525.2391      -2.6413       5.0000
       0.2500       3.2500      47.0000       1.4591     422.8383      -6.9794       5.0000
       0.2500       3.7500     151.0000       1.1275     420.6934      -3.0200       5.0000
       0.2500       4.2500     144.0000       1.0226     510.0542      -3.4456       5.0000
       0.2500       4.7500     153.0000       0.8135     619.2706      -1.6309       5.0000
       0.2500       5.2500      55.0000       0.7354     541.7200      -2.6276       5.0000
       0.2500       5.7500     111.0000       0.6533     568.3378      -4.2366       5.0000
       0.7500      -5.7500      17.0000       0.0936     454.2824      -2.5812       5.0000
       0.7500      -5.2500       5.0000       0.4151     401.7400     -14.9980       5.0000
       0.7500      -4.7500       9.0000       0.5626     434.0000       2.6133       5.0000
       0.7500      -4.2500      20.0000       0.4188     490.3900       0.9190       5.0000
       0.7500      -3.7500      12.0000       0.3719     456.6083       0.9883       5.0000
       0.7500      -3.2500      19.0000       0.5345     392.4053      -0.9953       5.0000
       0.7500       3.2500      65.0000       1.1206     408.8554      -7.5709       5.0000
       0.7500       3.7500      96.0000       1.5092     547.2469      -2.4503       5.0000
       0.7500       4.2500     209.0000       0.9080     524.3048      -0.7757       5.0000
       0.7500       4.7500      84.0000       1.0421     663.0250      -2.5318       5.0000
       0.7500       5.2500     114.0000       0.9741     550.7509       1.1223       5.0000
       0.7500       5.7500      74.0000       1.3307     523.5000      -0.6758       5.0000
       1.2500      -5.7500      23.0000       0.0325     456.3609      -1.3357       5.0000
       1.2500      -5.2500       7.0000       0.0934     484.3429       1.4900       5.0000
       1.2500      -4.7500      28.0000       0.1715     465.8607       1.8561       5.0000
       1.2500      -4.2500      32.0000       0.4502     452.6531      -0.2900       5.0000
       1.2500      -3.7500      13.0000       0.2645     418.9538      -0.0638       5.0000
       1.2500      -3.2500      31.0000       0.2577     398.0129      -6.8574       5.0000
       1.2500      -2.7500      39.0000       0.2509     463.2205      -1.1359       5.0000
       1.2500       2.7500     117.0000       0.5222     528.4564      -1.2594       5.0000
       1.2500       3.2500     128.0000       0.8023     580.7672      -2.0387       5.0000
       1.2500       3.7500     170.0000       0.8701     596.7400      -2.2553       5.0000
       1.2500       4.2500     163.0000       0.7397     592.7552       0.2875       5.0000
       1.2500       4.7500     113.0000       0.7942     506.2062      -2.6269       5.0000
       1.2500       5.2500     145.0000       1.4526     509.8214      -4.0939       5.0000
       1.2500       5.7500      15.0000       2.1962     524.8267      -2.4033       5.0000
       1.7500      -5.2500      30.0000       0.2749     408.5900      -1.1013       5.0000
       1.7500      -4.7500      43.0000       0.1478     515.0628       0.5777       5.0000
       1.7500      -4.2500      40.0000       0.1451     440.6950       4.8120       5.0000
       1.7500      -3.7500      18.0000       0.1802     397.7389      -4.4400       5.0000
       1.7500      -3.2500      37.0000       0.1230     385.4054      -3.0324       5.0000
       1.7500      -2.7500      47.0000       0.1975     492.5340      -5.0772       5.0000
       1.7500       2.7500     154.0000       0.4494     537.2532      -2.1908       5.0000
       1.7500       3.2500     164.0000       1.0001     566.9293      -0.2752       5.0000
       1.7500       3.7500     135.0000       0.6539     641.6378       0.5812       5.0000
       1.7500       4.2500     111.0000       1.0128     534.4856      -2.5949       5.0000
       1.7500       4.7500     180.0000       1.0366     501.0794      -3.7224       5.0000
       1.7500       5.2500      87.0000       1.1707     472.3172      -7.3339       5.0000
       2.2500      -5.2500      25.0000       0.3876     381.4920      -4.4008       5.0000
       2.2500      -4.7500      32.0000       0.0639     518.0094      -0.1500       5.0000
       2.2500      -4.2500      17.0000       0.2541     386.0529      -5.5482       5.0000
       2.2500      -3.7500      17.0000       0.0173     529.6294      -7.0253       5.0000
       2.2500      -3.2500      24.0000       0.1362     458.3958      -6.0004       5.0000
       2.2500      -2.7500      44.0000       0.2081     475.5727      -3.7734       5.0000
       2.2500      -2.2500      75.0000      -0.2027     474.3507      -1.6197       5.0000
       2.2500       2.2500     134.0000       0.3594     560.5657      -4.6968       5.0000
       2.2500       2.7500     191.0000       0.5257     578.9607      -2.9785       5.0000
       2.2500       3.2500     138.0000       1.0194     586.4572      -3.5443       5.0000
       2.2500       3.7500     170.0000       0.8485     608.0747      -1.6628       5.0000
       2.2500       4.2500     155.0000       0.9056     491.0555      -2.8516       5.0000
       2.2500       4.7500     173.0000       1.0519     447.3555      -5.9621       5.0000
       2.2500       5.2500      33.0000       1.5012     464.5485      -2.6170       5.0000
       2.7500      -5.2500      10.0000       0.2016     425.2100      -9.7630       5.0000
       2.7500      -4.7500      28.0000       0.2850     500.3893      -5.1761       5.0000
       2.7500      -4.2500      30.0000       0.4199     384.0933      -9.2597       5.0000
       2.7500      -3.7500      31.0000       0.0713     364.4000      -6.6806       5.0000
       2.7500      -3.2500       5.0000       0.4015     473.2000       2.9620       5.0000
       2.7500      -2.7500       1.0000       0.7747     425.4000      -8.6500       5.0000
       2.7500      -2.2500      46.0000      -0.1674     448.0913      -1.6159       5.0000
       2.7500      -1.7500      44.0000       0.3013     550.9182      -1.0650       5.0000
       2.7500      -1.2500      82.0000       0.2523     544.1598      -0.4416       5.0000
       2.7500       1.2500     106.0000       0.1994     509.4236      -3.1513       5.0000
       2.7500       1.7500      47.0000       0.5255     493.7000      -2.3606       5.0000
       2.7500       2.2500     111.0000       0.5391     513.1991      -5.5114       5.0000
       2.7500       2.7500     102.0000       0.5661     539.7853      -4.1987       5.0000
       2.7500       3.2500     132.0000       1.2468     591.4159      -2.4295       5.0000
       2.7500       3.7500     120.0000       0.7330     605.5108      -2.4137       5.0000
       2.7500       4.2500     175.0000       0.9982     421.2120      -5.8356       5.0000
       2.7500       4.7500     155.0000       1.0937     455.7871      -5.5510       5.0000
       3.2500      -4.7500      91.0000       0.1752     464.0560      -5.6152       5.0000
       3.2500      -4.2500      59.0000       0.7435     431.3814      -8.2298       5.0000
       3.2500      -3.7500      30.0000       0.2681     385.7533      -6.8663       5.0000
       3.2500      -3.2500      32.0000       0.4065     440.8500       0.0641       5.0000
       3.2500      -2.7500      42.0000       0.2580     446.7929      -2.4110       5.0000
       3.2500      -2.2500      89.0000       0.0312     449.2483      -0.3261       5.0000
       3.2500      -1.7500      67.0000       0.0613     486.3522       0.4452       5.0000
       3.2500      -1.2500      76.0000       0.1291     573.7737       0.5822       5.0000
       3.2500      -0.7500     109.0000       0.4046     549.2605      -3.6870       5.0000
       3.2500      -0.2500      50.0000       0.2476     524.3900      -0.0746       5.0000
       3.2500       0.2500      59.0000       0.0981     480.5593      -0.7947       5.0000
       3.2500       0.7500     122.0000      -0.0006     449.0623      -2.1416       5.0000
       3.2500       1.2500      84.0000       0.3357     427.7643      -6.4236       5.0000
       3.2500       1.7500      63.0000       0.3039     483.4206      -4.8552       5.0000
       3.2500       2.2500     179.0000       0.5699     479.2911      -5.3828       5.0000
       3.2500       2.7500     166.0000       0.6428     501.5693      -3.7348       5.0000
       3.2500       3.2500     138.0000       1.1721     548.7275      -4.1436       5.0000
       3.2500       3.7500     280.0000       0.8686     528.8650      -4.1813       5.0000
       3.2500       4.2500     298.0000       1.0486     408.3302      -7.3026       5.0000
       3.2500       4.7500      83.0000       0.4801     486.2578      -3.4665       5.0000
       3.7500      -4.2500     123.0000       0.4128     456.4106      -6.8478       5.0000
       3.7500      -3.7500      59.0000       0.1999     446.4390      -3.9034       5.0000
       3.7500      -3.2500      77.0000       0.3200     425.3312      -2.5848       5.0000
       3.7500      -2.7500      46.0000       0.0901     465.2109      -0.4337       5.0000
       3.7500      -2.2500      62.0000       0.2390     472.0903      -1.9982       5.0000
       3.7500      -1.7500      80.0000       0.0333     453.5625       1.5945       5.0000
       3.7500      -1.2500      76.0000       0.2421     581.3526      -2.9267       5.0000
       3.7500      -0.7500      99.0000       0.3500     507.7929      -3.8726       5.0000
       3.7500      -0.2500     110.0000       0.4857     548.6473      -4.2989       5.0000
       3.7500       0.2500      36.0000       0.3612     463.0556      -3.1908       5.0000
       3.7500       0.7500      72.0000       0.2941     528.2806      -4.8260       5.0000
       3.7500       1.2500      76.0000       0.3868     440.8684      -7.8553       5.0000
       3.7500       1.7500     136.0000       0.4787     424.5912      -7.7978       5.0000
       3.7500       2.2500     238.0000       0.5499     460.4113      -5.7286       5.0000
       3.7500       2.7500     186.0000       0.6126     444.2059      -5.1465       5.0000
       3.7500       3.2500     344.0000       0.8070     503.4561      -5.6422       5.0000
       3.7500       3.7500     322.0000       0.8064     426.5102      -6.4038       5.0000
       3.7500       4.2500      76.0000       0.8395     506.4500      -6.5603       5.0000
       4.2500      -3.7500      63.0000      -0.0380     448.2429      -3.4073       5.0000
       4.2500      -3.2500      40.0000       0.0754     429.8550      -7.2448       5.0000
       4.2500      -2.7500      15.0000      -0.0608     533.6333       5.4620       5.0000
       4.2500      -2.2500      20.0000      -0.2803     476.5300       2.2570       5.0000
       4.2500      -1.7500      68.0000      -0.1234     480.6397       6.3559       5.0000
       4.2500      -1.2500      56.0000       0.3463     509.1821      -2.0625       5.0000
       4.2500      -0.7500      78.0000       0.5944     574.0795      -4.9127       5.0000
       4.2500      -0.2500      76.0000       0.2529     460.2618      -0.5354       5.0000
       4.2500       0.2500      82.0000       0.3128     586.8976      -1.6579       5.0000
       4.2500       0.7500      53.0000       0.6365     547.7170      -4.6658       5.0000
       4.2500       1.2500      53.0000       0.3493     532.0868      -2.5172       5.0000
       4.2500       1.7500     154.0000       0.6893     523.8039      -4.2206       5.0000
       4.2500       2.2500     218.0000       0.5127     499.2784      -5.7264       5.0000
       4.2500       2.7500     250.0000       0.7501     519.2924      -4.7059       5.0000
       4.2500       3.2500     199.0000       0.9429     549.2236      -4.1921       5.0000
       4.2500       3.7500       4.0000       0.2887     474.2250       1.3800       5.0000
       4.7500      -3.2500       8.0000       0.0415     346.1125      -9.3325       5.0000
       4.7500      -2.7500      13.0000       0.0081     336.6077      -1.6585       5.0000
       4.7500      -2.2500      18.0000      -0.3438     334.1000       7.4756       5.0000
       4.7500      -1.7500      28.0000      -0.3985     403.8500       6.5261       5.0000
       4.7500      -1.2500      81.0000      -0.0193     417.3198       4.3898       5.0000
       4.7500      -0.7500      74.0000       0.4190     562.5324      -2.2961       5.0000
       4.7500      -0.2500      57.0000       0.4808     649.6544      -0.7014       5.0000
       4.7500       0.2500      50.0000       0.3534     533.5800      -2.3398       5.0000
       4.7500       0.7500      74.0000       0.4839     533.2676      -4.0127       5.0000
       4.7500       1.2500     133.0000       0.7703     490.7000      -4.8361       5.0000
       4.7500       1.7500     200.0000       0.8998     517.4875      -4.3609       5.0000
       4.7500       2.2500      95.0000       0.2926     501.3474       0.3275       5.0000
       4.7500       2.7500     100.0000       0.6519     593.6250      -2.3161       5.0000
       4.7500       3.2500      50.0000       0.7775     654.7840      -1.4314       5.0000
       5.2500      -1.7500       2.0000      -0.4974     392.2000      -1.8900       5.0000
       5.2500      -1.2500       4.0000       0.0225     406.3000       7.2400       5.0000
       5.2500      -0.7500      41.0000       0.0066     443.6073       1.5017       5.0000
       5.2500      -0.2500      74.0000       0.5455     535.1135      -5.8785       5.0000
       5.2500       0.2500      58.0000       0.4530     621.5138      -0.2736       5.0000
       5.2500       0.7500     119.0000       0.7011     514.7815      -3.5802       5.0000
       5.2500       1.2500     214.0000       0.7346     542.7523      -5.1613       5.0000
       5.2500       1.7500     146.0000       0.3743     631.3486      -0.2470       5.0000
       5.2500       2.2500     190.0000       0.5434     588.2347      -3.0712       5.0000
       5.2500       2.7500      75.0000       0.7692     611.6333      -2.2877       5.0000
       5.7500      -0.7500       3.0000       0.0458     448.0667     -10.2567       5.0000
       5.7500      -0.2500      29.0000       0.1547     459.6517      -0.6234       5.0000
       5.7500       0.2500      39.0000       0.6879     491.8000     -10.2485       5.0000
       5.7500       0.7500     122.0000       0.4222     562.2016      -2.4178       5.0000
       5.7500       1.2500      67.0000       0.4479     645.4493       3.3260       5.0000
      -5.7500      -1.2500      59.0000       0.0241     525.3881      -5.4758       5.0000
      -5.7500      -0.7500      14.0000       0.0529     530.5643      -1.3814       5.0000
      -5.7500      -0.2500       1.0000       0.2900     669.9000      -4.1000       5.0000
      -5.7500       0.7500       6.0000       0.1366     627.1000       0.2533       5.0000
      -5.7500       1.2500      42.0000       0.0197     527.5357       2.8188       5.0000
      -5.2500      -2.7500      31.0000       0.4848     621.7968      -3.1439       5.0000
      -5.2500      -2.2500      97.0000       0.9027     493.4052      -7.6602       5.0000
      -5.2500      -1.7500      76.0000       0.1997     503.0224      -5.9818       5.0000
      -5.2500      -1.2500      35.0000       0.7444     585.8286      -3.1306       5.0000
      -5.2500      -0.7500      81.0000       0.3634     549.7926      -2.9100       5.0000
      -5.2500      -0.2500      56.0000       0.2143     529.4804      -5.4143       5.0000
      -5.2500       0.2500      84.0000       0.4277     554.0262      -5.0886       5.0000
      -5.2500       0.7500      65.0000       0.3329     581.1585      -2.3165       5.0000
      -5.2500       1.2500     164.0000       0.3419     510.3470      -4.4690       5.0000
      -5.2500       1.7500     192.0000       0.1748     528.1083      -2.1748       5.0000
      -5.2500       2.2500     148.0000       0.2015     537.4007      -5.3331       5.0000
      -5.2500       2.7500      35.0000       0.0514     556.4086      -3.4977       5.0000
      -4.7500      -3.2500      47.0000       0.7308     579.8489      -2.7972       5.0000
      -4.7500      -2.7500      67.0000       0.7792     546.9955      -0.9770       5.0000
      -4.7500      -2.2500     105.0000       0.2211     508.3495      -5.1112       5.0000
      -4.7500      -1.7500     141.0000       0.4193     549.8411      -4.0880       5.0000
      -4.7500      -1.2500     171.0000       0.5685     541.6772      -6.2325       5.0000
      -4.7500      -0.7500      86.0000       0.3497     553.1593      -6.4597       5.0000
      -4.7500      -0.2500     131.0000       0.3021     539.4084      -3.8730       5.0000
      -4.7500       0.2500      60.0000      -0.0925     549.2350       0.8772       5.0000
      -4.7500       0.7500      47.0000       0.1455     593.9170      -3.4036       5.0000
      -4.7500       1.2500     125.0000       0.3698     581.7984      -2.4627       5.0000
      -4.7500       1.7500     204.0000       0.2945     528.6608      -1.6292       5.0000
      -4.7500       2.2500     278.0000       0.2747     540.9633      -3.7912       5.0000
      -4.7500       2.7500     345.0000       0.3158     532.1841      -4.4549       5.0000
      -4.7500       3.2500     126.0000       0.3105     538.9421      -3.0360       5.0000
      -4.2500      -3.7500      38.0000       0.5194     533.2000      -2.8863       5.0000
      -4.2500      -3.2500      68.0000       0.4246     517.2059      -2.5426       5.0000
      -4.2500      -2.7500     100.0000       0.5057     432.5260      -0.2472       5.0000
      -4.2500      -2.2500      94.0000       0.5514     478.9543       0.0563       5.0000
      -4.2500      -1.7500     152.0000       0.4937     492.3428      -4.4720       5.0000
      -4.2500      -1.2500      78.0000       0.4498     492.2359      -2.0158       5.0000
      -4.2500      -0.7500      81.0000       0.4886     589.7333      -5.9005       5.0000
      -4.2500      -0.2500      25.0000       0.5610     630.2400      -2.8164       5.0000
      -4.2500       0.2500      51.0000       0.0076     663.3941      -3.8882       5.0000
      -4.2500       0.7500      84.0000       0.1130     496.6476      -6.6631       5.0000
      -4.2500       1.2500     148.0000       0.5238     513.8000      -3.3550       5.0000
      -4.2500       1.7500     158.0000       0.3175     621.5279      -2.9726       5.0000
      -4.2500       2.2500      59.0000       0.0301     513.8068      -2.4834       5.0000
      -4.2500       2.7500      90.0000       0.2790     495.7622      -2.6067       5.0000
      -4.2500       3.2500     127.0000       0.2707     506.3331       0.9876       5.0000
      -4.2500       3.7500     152.0000       0.5781     546.6895      -0.3317       5.0000
      -3.7500      -4.2500      45.0000       0.2040     490.1000       2.8024       5.0000
      -3.7500      -3.7500      79.0000       0.4274     516.7291      -3.3477       5.0000
      -3.7500      -3.2500      40.0000       1.2053     550.6825      -0.7248       5.0000
      -3.7500      -2.7500      98.0000       0.5438     434.2173      -8.4514       5.0000
      -3.7500      -2.2500      86.0000       0.6768     589.9651      -3.9843       5.0000
      -3.7500      -1.7500      72.0000       0.4990     515.9903      -5.3106       5.0000
      -3.7500      -1.2500     107.0000       0.3152     544.4215      -2.6874       5.0000
      -3.7500      -0.7500      16.0000       0.2230     636.2063      -4.7575       5.0000
      -3.7500      -0.2500      20.0000       0.4006     589.0200      -4.3015       5.0000
      -3.7500       0.2500      49.0000       0.2850     482.3898      -8.8539       5.0000
      -3.7500       0.7500      59.0000       0.7625     448.9000      -7.4817       5.0000
      -3.7500       1.2500     121.0000       0.4195     495.5868      -5.5742       5.0000
      -3.7500       1.7500     153.0000       0.3366     519.7608      -2.6672       5.0000
      -3.7500       2.2500     117.0000       0.2607     431.5479      -5.0474       5.0000
      -3.7500       2.7500     241.0000       0.1630     448.7714      -4.7193       5.0000
      -3.7500       3.2500     198.0000       0.1185     435.8995      -3.9113       5.0000
      -3.7500       3.7500     117.0000       0.1018     552.3786      -2.8792       5.0000
      -3.7500       4.2500     101.0000       0.3079     554.3208      -1.4063       5.0000
      -3.2500      -4.7500      41.0000       0.4950     509.0561      -0.2927       5.0000
      -3.2500      -4.2500     111.0000       0.3815     508.3622       0.3916       5.0000
      -3.2500      -3.7500      48.0000       0.2209     495.4729       2.7454       5.0000
      -3.2500      -3.2500      62.0000       0.2721     520.1952       0.3905       5.0000
      -3.2500      -2.7500     142.0000       0.7469     523.1676      -4.5314       5.0000
      -3.2500      -2.2500     101.0000       0.6358     519.3119      -4.5723       5.0000
      -3.2500      -1.7500      52.0000       0.4638     527.9038      -4.8198       5.0000
      -3.2500      -1.2500      53.0000       0.2144     589.1321      -2.0528       5.0000
      -3.2500      -0.7500      33.0000       0.3758     534.1182      -6.2106       5.0000
      -3.2500      -0.2500      46.0000       0.0584     439.5000      -8.9443       5.0000
      -3.2500       0.2500      45.0000       0.2698     426.7289      -7.7711       5.0000
      -3.2500       0.7500      37.0000       0.1639     558.8622      -0.9097       5.0000
      -3.2500       1.2500     132.0000       0.2833     581.6258      -2.0385       5.0000
      -3.2500       1.7500     115.0000       0.5678     538.5530      -3.2388       5.0000
      -3.2500       2.2500     133.0000       0.5367     609.4639      -2.1447       5.0000
      -3.2500       2.7500     159.0000       0.2355     555.3528      -2.9214       5.0000
      -3.2500       3.2500     201.0000       0.1449     533.2254      -1.2501       5.0000
      -3.2500       3.7500     211.0000       0.3388     449.6957      -5.7534       5.0000
      -3.2500       4.2500     179.0000       0.2375     575.8212      -3.2529       5.0000
      -3.2500       4.7500      93.0000       0.5518     626.1946      -1.7728       5.0000
      -2.7500      -5.2500      43.0000       0.4979     486.4116      -1.4665       5.0000
      -2.7500      -4.7500      84.0000       0.2325     489.6702       4.2596       5.0000
      -2.7500      -4.2500     101.0000       0.2791     504.8356       2.7476       5.0000
      -2.7500      -3.7500      27.0000       0.3373     483.2741      -3.1056       5.0000
      -2.7500      -3.2500     102.0000       0.4015     534.5990      -2.3355       5.0000
      -2.7500      -2.7500     100.0000       0.7127     460.5790      -8.1743       5.0000
      -2.7500      -2.2500      66.0000       0.7486     516.8788      -5.8106       5.0000
      -2.7500      -1.7500      78.0000       0.1045     545.9756      -2.6797       5.0000
      -2.7500      -1.2500      57.0000      -0.5049     577.2000      -0.7772       5.0000
      -2.7500       1.2500      92.0000       0.3672     594.2435      -1.5118       5.0000
      -2.7500       1.7500     127.0000       0.6305     560.3874      -3.3184       5.0000
      -2.7500       2.2500     162.0000       1.2704     576.6457      -1.8549       5.0000
      -2.7500       2.7500     152.0000       1.4303     543.8625      -4.4403       5.0000
      -2.7500       3.2500     169.0000       0.5420     543.3254      -1.3624       5.0000
      -2.7500       3.7500     149.0000       0.2254     584.5154      -1.6206       5.0000
      -2.7500       4.2500     350.0000       0.3042     487.6389      -3.9076       5.0000
      -2.7500       4.7500     107.0000       0.3322     644.3963      -0.4987       5.0000
      -2.7500       5.2500      58.0000       0.4424     583.0121       4.0586       5.0000
      -2.2500      -5.2500     115.0000       0.3045     469.7991      -1.4603       5.0000
      -2.2500      -4.7500      54.0000       0.3857     489.1463      -5.4487       5.0000
      -2.2500      -4.2500      62.0000       0.2291     455.3371      -1.0426       5.0000
      -2.2500      -3.7500      39.0000       0.0863     385.7282      -2.7941       5.0000
      -2.2500      -3.2500     105.0000       0.5354     531.1800      -2.6923       5.0000
      -2.2500      -2.7500     103.0000       0.7120     433.1456      -6.7468       5.0000
      -2.2500      -2.2500      71.0000       0.6974     443.4521      -4.8732       5.0000
      -2.2500       2.2500     125.0000       0.6699     590.7944      -1.2687       5.0000
      -2.2500       2.7500     123.0000       0.9562     563.8959      -3.9002       5.0000
      -2.2500       3.2500     155.0000       0.8235     542.7277      -2.1040       5.0000
      -2.2500       3.7500     176.0000       0.6396     547.7256      -3.3220       5.0000
      -2.2500       4.2500     278.0000       0.3728     533.7658      -3.2055       5.0000
      -2.2500       4.7500     217.0000       0.4634     559.1760      -1.5486       5.0000
      -2.2500       5.2500     116.0000       0.6817     546.0052      -1.9619       5.0000
      -1.7500      -5.2500     147.0000       0.2479     481.2803      -0.3709       5.0000
      -1.7500      -4.7500      51.0000       0.6155     480.8784      -5.8065       5.0000
      -1.7500      -4.2500      53.0000       0.4029     439.6491      -2.8908       5.0000
      -1.7500      -3.7500      62.0000       0.3823     432.1516      -3.7174       5.0000
      -1.7500      -3.2500     117.0000       1.0162     551.7547      -2.4470       5.0000
      -1.7500      -2.7500     111.0000       0.7537     472.6198      -3.5228       5.0000
      -1.7500       2.7500     136.0000       1.0597     498.8125      -4.2121       5.0000
      -1.7500       3.2500     131.0000       0.4765     501.1824      -1.5873       5.0000
      -1.7500       3.7500     188.0000       1.0807     556.4319      -3.5875       5.0000
      -1.7500       4.2500     257.0000       0.6981     564.7296      -3.2694       5.0000
      -1.7500       4.7500     294.0000       0.5404     551.1793      -3.1227       5.0000
      -1.7500       5.2500     130.0000       1.0399     546.3577      -1.7717       5.0000
      -1.2500      -5.7500      23.0000       0.1512     510.8087       3.8317       5.0000
      -1.2500      -5.2500      67.0000       0.1334     491.7881       2.1076       5.0000
      -1.2500      -4.7500      90.0000       0.2483     433.8867      -4.2648       5.0000
      -1.2500      -4.2500      45.0000       0.3712     481.2400       0.2824       5.0000
      -1.2500      -3.7500      55.0000       0.9246     484.3527      -3.0695       5.0000
      -1.2500      -3.2500      75.0000       0.6306     508.3933      -2.3733       5.0000
      -1.2500      -2.7500     109.0000       0.3630     505.9908      -3.9917       5.0000
      -1.2500       2.7500     141.0000       1.1910     492.7894      -5.1068       5.0000
      -1.2500       3.2500      97.0000       0.8850     525.6742      -2.0574       5.0000
      -1.2500       3.7500     148.0000       0.9121     510.9723      -1.5230       5.0000
      -1.2500       4.2500     129.0000       0.7158     526.5868      -4.0406       5.0000
      -1.2500       4.7500     438.0000       0.6767     565.2877      -2.2715       5.0000
      -1.2500       5.2500      85.0000       0.9196     576.1365      -3.0093       5.0000
      -1.2500       5.7500      31.0000       1.0731     535.1032       3.4555       5.0000
      -0.7500      -5.7500      29.0000       0.0544     541.6931      -0.1955       5.0000
      -0.7500      -5.2500      18.0000      -0.1010     462.2889       0.9678       5.0000
      -0.7500      -4.7500      47.0000       0.4281     440.4511      -1.6017       5.0000
      -0.7500      -4.2500      87.0000       0.6037     450.3747      -4.6933       5.0000
      -0.7500      -3.7500      41.0000       0.2629     465.6512      -2.3251       5.0000
      -0.7500      -3.2500      52.0000      -0.0201     479.7827      -1.5298       5.0000
      -0.7500       3.2500     179.0000       0.8186     499.4112      -1.7815       5.0000
      -0.7500       3.7500     113.0000       1.9313     489.9212      -4.7531       5.0000
      -0.7500       4.2500      88.0000       1.1377     445.8977      -7.3834       5.0000
      -0.7500       4.7500     337.0000       0.8119     556.7837      -2.7385       5.0000
      -0.7500       5.2500     193.0000       0.6734     525.3290      -2.3426       5.0000
      -0.7500       5.7500      96.0000       0.9282     574.2281      -2.4079       5.0000
      -0.2500      -5.7500      65.0000       0.0289     548.9277      -0.0903       5.0000
      -0.2500      -5.2500      23.0000       0.3142     391.2044      -0.7248       5.0000
      -0.2500      -4.7500      50.0000       0.4801     478.7840      -3.8440       5.0000
      -0.2500      -4.2500     123.0000       0.3961     449.9447      -2.5758       5.0000
      -0.2500      -3.7500      98.0000       0.1867     491.6847      -1.8560       5.0000
      -0.2500      -3.2500      55.0000       0.3350     511.1491      -2.2365       5.0000
      -0.2500       3.2500     147.0000       0.8862     466.8265      -4.7648       5.0000
      -0.2500       3.7500      99.0000       1.0538     419.5667      -7.4651       5.0000
      -0.2500       4.2500     114.0000       1.1929     455.5430      -3.3761       5.0000
      -0.2500       4.7500     164.0000       1.0494     507.8177      -3.8254       5.0000
      -0.2500       5.2500     266.0000       0.7350     567.3786      -2.6753       5.0000
      -0.2500       5.7500     148.0000       0.9337     550.2622      -3.0547       5.0000
       0.2500      -5.7500      89.0000       0.0580     551.7607      -4.1233       5.0000
       0.2500      -5.2500      66.0000       0.1752     484.8303      -4.0276       5.0000
       0.2500      -4.7500      49.0000       0.4044     447.6143      -2.3192       5.0000
       0.2500      -4.2500     110.0000      -0.0470     462.4345      -1.6603       5.0000
       0.2500      -3.7500     102.0000       0.4781     463.0667      -4.0405       5.0000
       0.2500      -3.2500      61.0000       0.3454     514.3738      -1.8900       5.0000
       0.2500       3.2500     125.0000       1.0336     527.6960      -3.7298       5.0000
       0.2500       3.7500     144.0000       0.8319     449.5368      -3.7767       5.0000
       0.2500       4.2500      82.0000       1.2846     448.2134       0.3167       5.0000
       0.2500       4.7500     129.0000       1.4272     506.2434      -2.7374       5.0000
       0.2500       5.2500     174.0000       1.0706     592.1931      -2.4393       5.0000
       0.2500       5.7500     181.0000       0.8356     535.7326      -3.9511       5.0000
       0.7500      -5.7500      85.0000       0.3506     499.1235      -4.8456       5.0000
       0.7500      -5.2500     117.0000       0.2445     520.0957      -4.1609       5.0000
       0.7500      -4.7500      68.0000       0.0603     461.7647      -3.8931       5.0000
       0.7500      -4.2500      71.0000       0.1630     432.7254      -3.2477       5.0000
       0.7500      -3.7500      55.0000       0.2584     520.6036      -2.7311       5.0000
       0.7500      -3.2500      96.0000       0.3013     470.7583      -1.5301       5.0000
       0.7500       3.2500     142.0000       0.8652     546.5979      -1.6959       5.0000
       0.7500       3.7500     109.0000       1.1443     462.8514      -3.0697       5.0000
       0.7500       4.2500     136.0000       1.0773     482.0669      -4.3301       5.0000
       0.7500       4.7500     189.0000       1.2594     556.8307      -3.5138       5.0000
       0.7500       5.2500     117.0000       1.2620     552.2265      -6.6697       5.0000
       0.7500       5.7500      97.0000       1.0530     535.5031      -2.4078       5.0000
       1.2500      -5.7500      75.0000       0.1660     500.1227      -2.5107       5.0000
       1.2500      -5.2500      56.0000       0.2262     465.1768      -6.2532       5.0000
       1.2500      -4.7500     138.0000       0.2070     498.7746      -2.7005       5.0000
       1.2500      -4.2500      51.0000       0.4803     450.1843      -3.4888       5.0000
       1.2500      -3.7500      59.0000      -0.0009     538.6525       0.7434       5.0000
       1.2500      -3.2500      31.0000       0.4497     464.7290      -2.0032       5.0000
       1.2500      -2.7500      40.0000       0.0113     485.1475       3.6245       5.0000
       1.2500       2.7500     132.0000       0.4427     515.1250      -1.6492       5.0000
       1.2500       3.2500     118.0000       0.5705     621.0449      -3.4870       5.0000
       1.2500       3.7500     128.0000       0.7895     569.0227      -3.5800       5.0000
       1.2500       4.2500     103.0000       0.7730     430.4456      -5.4026       5.0000
       1.2500       4.7500     173.0000       1.0901     554.2220      -5.7724       5.0000
       1.2500       5.2500     106.0000       1.0794     524.4519      -4.5390       5.0000
       1.2500       5.7500      31.0000       0.9932     477.9161       0.2048       5.0000
       1.7500      -5.2500     111.0000       0.0212     495.6874      -1.2747       5.0000
       1.7500      -4.7500      55.0000       0.3634     502.9764      -3.7269       5.0000
       1.7500      -4.2500     107.0000       0.2862     493.5935      -5.8797       5.0000
       1.7500      -3.7500      78.0000       0.2429     546.9923      -2.3377       5.0000
       1.7500      -3.2500      73.0000       0.4611     471.3753      -5.8226       5.0000
       1.7500      -2.7500      24.0000       0.0128     474.5667       0.4825       5.0000
       1.7500       2.7500     134.0000       0.3094     543.0075      -0.5822       5.0000
       1.7500       3.2500     135.0000       0.5381     582.3244      -1.2028       5.0000
       1.7500       3.7500     138.0000       0.6008     551.3746       0.4720       5.0000
       1.7500       4.2500     215.0000       1.0273     556.6321      -0.1429       5.0000
       1.7500       4.7500     125.0000       1.2148     495.4448      -5.3910       5.0000
       1.7500       5.2500      99.0000       1.8201     499.9657      -4.7180       5.0000
       2.2500      -5.2500      86.0000      -0.0221     466.9884      -4.2253       5.0000
       2.2500      -4.7500     148.0000       0.3171     531.2223      -4.8306       5.0000
       2.2500      -4.2500      92.0000       0.2087     569.3467      -2.6949       5.0000
       2.2500      -3.7500      43.0000       0.2051     522.2419      -1.5912       5.0000
       2.2500      -3.2500      53.0000       0.1203     409.3453      -4.2574       5.0000
       2.2500      -2.7500      77.0000       0.1098     467.8948      -0.9855       5.0000
       2.2500      -2.2500     109.0000       0.2014     470.5174      -3.5277       5.0000
       2.2500       2.2500     141.0000       0.2681     534.9972      -3.4577       5.0000
       2.2500       2.7500      88.0000       0.4590     475.4977      -2.1025       5.0000
       2.2500       3.2500     218.0000       0.9600     578.9679      -1.2943       5.0000
       2.2500       3.7500     203.0000       1.1504     655.0167      -1.6699       5.0000
       2.2500       4.2500     117.0000       1.0442     524.4880      -3.9713       5.0000
       2.2500       4.7500     122.0000       1.0214     442.1811      -7.5228       5.0000
       2.2500       5.2500      65.0000       1.5560     498.4031      -5.8815       5.0000
       2.7500      -5.2500      29.0000      -0.1106     507.8448      -2.3079       5.0000
       2.7500      -4.7500     114.0000       0.3406     527.4272      -3.1554       5.0000
       2.7500      -4.2500     105.0000       0.0878     548.3324      -2.4994       5.0000
       2.7500      -3.7500      73.0000       0.2396     531.6014       1.2004       5.0000
       2.7500      -3.2500      14.0000       0.2109     532.3286      -4.5664       5.0000
       2.7500      -2.7500      18.0000       0.0980     547.1000      -2.8811       5.0000
       2.7500      -2.2500      68.0000       0.3286     516.9838      -5.7156       5.0000
       2.7500      -1.7500      87.0000       0.0484     591.4322      -2.6294       5.0000
       2.7500      -1.2500      69.0000       0.2065     553.3841      -2.2880       5.0000
       2.7500       1.2500     109.0000       0.2182     616.1954      -1.8217       5.0000
       2.7500       1.7500     128.0000       0.4347     625.1758      -3.2155       5.0000
       2.7500       2.2500     218.0000       0.4375     587.3642      -4.0039       5.0000
       2.7500       2.7500     161.0000       0.7543     603.8280      -3.2576       5.0000
       2.7500       3.2500     165.0000       0.7835     579.1194      -1.5207       5.0000
       2.7500       3.7500     109.0000       0.9406     579.2165      -4.1842       5.0000
       2.7500       4.2500      95.0000       0.6868     451.7874      -3.5472       5.0000
       2.7500       4.7500     160.0000       0.7774     439.3388      -5.6366       5.0000
       2.7500       5.2500      11.0000       1.7225     547.0455      -1.2955       5.0000
       3.2500      -4.7500     133.0000       0.0837     511.6970       1.4738       5.0000
       3.2500      -4.2500     116.0000       0.1226     544.6931      -2.0189       5.0000
       3.2500      -3.7500      61.0000       0.2789     592.4426      -2.8895       5.0000
       3.2500      -3.2500      42.0000       0.4063     523.7262      -1.4100       5.0000
       3.2500      -2.7500      29.0000       0.3944     496.4897      -3.4590       5.0000
       3.2500      -2.2500      83.0000       0.2438     520.5024      -1.9748       5.0000
       3.2500      -1.7500     112.0000       0.2368     552.9125      -0.6777       5.0000
       3.2500      -1.2500      97.0000       0.1202     550.8598      -3.8297       5.0000
       3.2500      -0.7500      65.0000       0.3448     509.2862      -4.5857       5.0000
       3.2500      -0.2500      62.0000       0.1685     480.4710      -3.7069       5.0000
       3.2500       0.2500      99.0000       0.1272     472.0848      -4.7808       5.0000
       3.2500       0.7500     179.0000       0.2236     449.9816      -5.4467       5.0000
       3.2500       1.2500     143.0000       0.4138     525.2762      -1.0170       5.0000
       3.2500       1.7500      88.0000       0.8163     456.7364      -5.6455       5.0000
       3.2500       2.2500     161.0000       0.3651     530.6882      -3.3989       5.0000
       3.2500       2.7500     114.0000       0.3317     457.8114       1.8079       5.0000
       3.2500       3.2500     176.0000       0.9792     543.2466      -2.5784       5.0000
       3.2500       3.7500     123.0000       0.7496     545.0146      -4.1203       5.0000
       3.2500       4.2500     295.0000       1.0199     458.4051      -6.2833       5.0000
       3.2500       4.7500      28.0000       1.4479     478.1393      -5.6293       5.0000
       3.7500      -4.2500     155.0000       0.0729     537.5955       0.4123       5.0000
       3.7500      -3.7500     174.0000       0.2486     558.6908      -3.7905       5.0000
       3.7500      -3.2500      36.0000       0.5146     502.1222      -5.9119       5.0000
       3.7500      -2.7500      51.0000       0.2973     509.2078      -5.2606       5.0000
       3.7500      -2.2500      56.0000       0.2799     504.3732      -1.4684       5.0000
       3.7500      -1.7500      64.0000       0.2108     548.4844       3.9200       5.0000
       3.7500      -1.2500     108.0000       0.0111     595.0509      -2.1406       5.0000
       3.7500      -0.7500     119.0000       0.2169     541.8126      -3.1856       5.0000
       3.7500      -0.2500     109.0000       0.2093     523.6835      -3.0630       5.0000
       3.7500       0.2500      83.0000       0.4757     461.8229      -5.6708       5.0000
       3.7500       0.7500     113.0000       0.3166     490.2876      -5.0166       5.0000
       3.7500       1.2500     117.0000       0.3822     512.1838      -4.9134       5.0000
       3.7500       1.7500     171.0000       0.4189     424.8216      -8.4199       5.0000
       3.7500       2.2500     192.0000       0.3681     530.6844      -2.2328       5.0000
       3.7500       2.7500     254.0000       0.7505     517.0654      -2.2038       5.0000
       3.7500       3.2500     192.0000       0.9783     488.7323      -5.6092       5.0000
       3.7500       3.7500     226.0000       0.7543     447.7164      -3.6594       5.0000
       3.7500       4.2500     105.0000       0.9625     454.1648      -5.6623       5.0000
       4.2500      -3.7500     185.0000       0.2494     572.5973      -1.8205       5.0000
       4.2500      -3.2500     158.0000       0.2261     529.6108      -2.2015       5.0000
       4.2500      -2.7500      84.0000       0.4118     484.4417      -6.2040       5.0000
       4.2500      -2.2500      73.0000       0.2010     552.7014      -4.3496       5.0000
       4.2500      -1.7500     127.0000       0.2197     513.1890      -0.5298       5.0000
       4.2500      -1.2500      91.0000      -0.1758     607.1791       0.8433       5.0000
       4.2500      -0.7500     187.0000       0.1700     564.4316      -3.6167       5.0000
       4.2500      -0.2500     174.0000       0.4048     526.7885      -3.4625       5.0000
       4.2500       0.2500     118.0000       0.3116     524.4932      -3.7925       5.0000
       4.2500       0.7500     131.0000       0.3094     566.6817      -4.0973       5.0000
       4.2500       1.2500     122.0000       0.5369     467.7934      -5.1052       5.0000
       4.2500       1.7500     177.0000       0.8315     472.7927      -6.8620       5.0000
       4.2500       2.2500     227.0000       0.4046     492.2110      -3.8436       5.0000
       4.2500       2.7500     355.0000       0.6681     498.2727      -3.1294       5.0000
       4.2500       3.2500     230.0000       0.6845     470.0261      -3.1197       5.0000
       4.2500       3.7500      34.0000       0.7075     599.5206      -0.6491       5.0000
       4.7500      -3.2500      77.0000       0.1502     558.5922      -1.7739       5.0000
       4.7500      -2.7500     134.0000       0.2010     489.2642      -4.2460       5.0000
       4.7500      -2.2500     234.0000       0.1688     523.3944      -1.5560       5.0000
       4.7500      -1.7500     287.0000       0.2633     516.1223      -2.4537       5.0000
       4.7500      -1.2500     230.0000       0.3408     530.1413      -0.7203       5.0000
       4.7500      -0.7500     106.0000      -0.0426     613.5783      -0.2895       5.0000
       4.7500      -0.2500     191.0000       0.0566     549.9084      -0.9407       5.0000
       4.7500       0.2500     339.0000       0.3098     546.4534      -1.8873       5.0000
       4.7500       0.7500     227.0000       0.3464     497.1445      -3.1532       5.0000
       4.7500       1.2500     285.0000       0.4675     495.8428      -5.7207       5.0000
       4.7500       1.7500     308.0000       0.5691     544.9477      -4.9238       5.0000
       4.7500       2.2500     163.0000       0.2467     563.3172      -0.4960       5.0000
       4.7500       2.7500      83.0000       0.4397     494.9217      -2.1542       5.0000
       4.7500       3.2500      12.0000      -0.4024     471.5000      -2.7175       5.0000
       5.2500      -2.7500      13.0000      -0.0721     348.2846      -7.8938       5.0000
       5.2500      -2.2500     122.0000       0.1259     523.1795      -4.3065       5.0000
       5.2500      -1.7500     286.0000       0.1572     512.9832      -3.1014       5.0000
       5.2500      -1.2500     278.0000       0.2748     501.6507      -4.1022       5.0000
       5.2500      -0.7500     362.0000       0.1715     528.8992      -2.6331       5.0000
       5.2500      -0.2500     287.0000       0.1539     525.0188      -4.8784       5.0000
       5.2500       0.2500     228.0000       0.3918     502.4250      -6.7534       5.0000
       5.2500       0.7500     224.0000       0.4969     568.4179      -5.7771       5.0000
       5.2500       1.2500     176.0000       0.3519     612.1267      -3.7535       5.0000
       5.2500       1.7500     210.0000       0.4016     624.2348      -1.8325       5.0000
       5.2500       2.2500      74.0000       1.0529     535.9595      -2.6650       5.0000
       5.2500       2.7500      26.0000       0.2620     516.3538      -2.7258       5.0000
       5.7500      -1.2500     184.0000       0.1415     546.7321      -3.5383       5.0000
       5.7500      -0.7500     204.0000       0.2699     529.4745      -2.7867       5.0000
       5.7500      -0.2500     231.0000       0.0919     551.4195       1.1598       5.0000
       5.7500       0.2500     241.0000       0.1628     577.2896      -1.3611       5.0000
       5.7500       0.7500     204.0000       0.2984     584.6015      -2.0154       5.0000
       5.7500       1.2500     143.0000       0.4895     603.2727      -2.6543       5.0000