      -5.7500      -1.2500     480.0000       0.2449     465.4319       1.0356       2.0000
      -5.7500      -0.7500     180.0000       0.1743     440.8456      -0.6611       2.0000
      -5.7500      -0.2500      99.0000       0.1683     420.6677       0.3117       2.0000
      -5.7500       0.2500     137.0000       0.0281     451.9562      -0.3171       2.0000
      -5.7500       0.7500     210.0000       0.0055     465.6000       0.3568       2.0000
      -5.7500       1.2500     426.0000       0.4343     455.1862      -0.5792       2.0000
      -5.2500      -2.7500     439.0000       0.3154     403.4868      -0.0512       2.0000
      -5.2500      -2.2500    1162.0000       0.2405     414.0085       0.4255       2.0000
      -5.2500      -1.7500    1208.0000       0.2692     439.0343       0.2082       2.0000
      -5.2500      -1.2500     891.0000       0.2087     439.6380      -0.4746       2.0000
      -5.2500      -0.7500     721.0000       0.0956     416.7820      -0.5966       2.0000
      -5.2500      -0.2500     692.0000       0.1097     421.6701       0.0630       2.0000
      -5.2500       0.2500     769.0000       0.1260     432.2597       0.3852       2.0000
      -5.2500       0.7500     935.0000       0.1326     440.2417       0.5543       2.0000
      -5.2500       1.2500    1596.0000       0.2344     457.7704       0.0266       2.0000
      -5.2500       1.7500    1692.0000       0.2432     440.7549       0.0477       2.0000
      -5.2500       2.2500     708.0000       0.2672     453.5684       0.1826       2.0000
      -5.2500       2.7500      23.0000      -0.1867     568.9826       0.3643       2.0000
      -4.7500      -3.2500    1139.0000       0.3431     424.3351      -0.3744       2.0000
      -4.7500      -2.7500    1356.0000       0.2861     423.1122      -0.1470       2.0000
      -4.7500      -2.2500    1681.0000       0.0934     451.9566       0.0485       2.0000
      -4.7500      -1.7500    2030.0000       0.0631     450.7738      -0.2816       2.0000
      -4.7500      -1.2500    1644.0000       0.0872     446.0789      -0.4250       2.0000
      -4.7500      -0.7500    1209.0000       0.0358     432.0761      -0.3951       2.0000
      -4.7500      -0.2500    1070.0000       0.0305     438.0060       0.1653       2.0000
      -4.7500       0.2500     739.0000       0.0476     448.4714       0.3517       2.0000
      -4.7500       0.7500     678.0000       0.1508     444.3131      -0.3649       2.0000
      -4.7500       1.2500     951.0000       0.1694     443.4401      -0.1542       2.0000
      -4.7500       1.7500     996.0000       0.3405     464.0867      -0.1495       2.0000
      -4.7500       2.2500    1617.0000       0.2287     454.2165       0.1790       2.0000
      -4.7500       2.7500    1720.0000       0.2110     455.3915      -0.1619       2.0000
      -4.7500       3.2500     246.0000       0.2062     467.4309       0.8480       2.0000
      -4.2500      -3.7500    1122.0000       0.2956     437.0655      -0.6831       2.0000
      -4.2500      -3.2500    1550.0000       0.2205     439.1839      -0.1526       2.0000
      -4.2500      -2.7500    1809.0000       0.1532     444.6442       0.0390       2.0000
      -4.2500      -2.2500    1542.0000       0.2084     438.7455      -0.2270       2.0000
      -4.2500      -1.7500     864.0000       0.2113     451.1012      -0.5972       2.0000
      -4.2500      -1.2500     484.0000       0.0959     440.3105       0.4242       2.0000
      -4.2500      -0.7500     527.0000      -0.0054     443.2385      -0.4135       2.0000
      -4.2500      -0.2500     573.0000      -0.0366     435.9169      -0.3103       2.0000
      -4.2500       0.2500     812.0000      -0.0120     437.1229      -0.1531       2.0000
      -4.2500       0.7500     674.0000       0.0869     470.5720      -0.1112       2.0000
      -4.2500       1.2500     558.0000       0.1396     463.3803      -0.5985       2.0000
      -4.2500       1.7500     550.0000       0.0855     458.1751      -0.4432       2.0000
      -4.2500       2.2500     639.0000       0.1831     437.2393       0.0624       2.0000
      -4.2500       2.7500     885.0000       0.2442     444.5384       0.2740       2.0000
      -4.2500       3.2500    1368.0000       0.1914     441.2462      -0.3927       2.0000
      -4.2500       3.7500     368.0000       0.2890     434.4117       0.3265       2.0000
      -3.7500      -4.2500    1010.0000       0.2829     467.8780       0.2623       2.0000
      -3.7500      -3.7500    1750.0000       0.1582     435.5294      -0.4182       2.0000
      -3.7500      -3.2500    1390.0000       0.1505     446.2165       0.0255       2.0000
      -3.7500      -2.7500    1384.0000       0.2450     437.9760       0.2370       2.0000
      -3.7500      -2.2500     885.0000       0.0936     434.7887       0.0309       2.0000
      -3.7500      -1.7500     578.0000       0.1414     437.9626      -0.6519       2.0000
      -3.7500      -1.2500     496.0000       0.1568     456.0204      -0.1939       2.0000
      -3.7500      -0.7500     328.0000      -0.0715     433.3091      -0.1499       2.0000
      -3.7500      -0.2500     376.0000      -0.1480     462.7620      -0.7863       2.0000
      -3.7500       0.2500     359.0000      -0.1017     466.6131      -0.1696       2.0000
      -3.7500       0.7500     708.0000      -0.0328     443.1859      -0.2531       2.0000
      -3.7500       1.2500     924.0000       0.0009     436.0001       0.2515       2.0000
      -3.7500       1.7500     897.0000      -0.0043     432.1525      -0.0490       2.0000
      -3.7500       2.2500     723.0000       0.2035     439.1075       0.0941       2.0000
      -3.7500       2.7500     983.0000       0.2545     445.1666      -0.0741       2.0000
      -3.7500       3.2500    1195.0000       0.2981     446.7062      -0.6384       2.0000
      -3.7500       3.7500    1077.0000       0.3447     471.5162      -0.1254       2.0000
      -3.7500       4.2500     512.0000       0.4118     428.0959      -0.7720       2.0000
      -3.2500      -4.7500     671.0000       0.1660     456.8866      -0.1947       2.0000
      -3.2500      -4.2500    1529.0000       0.1531     423.1857      -0.4185       2.0000
      -3.2500      -3.7500    1028.0000       0.1828     437.4089       0.3883       2.0000
      -3.2500      -3.2500     962.0000       0.2520     444.2715       0.4222       2.0000
      -3.2500      -2.7500     945.0000       0.2966     431.8765       0.9114       2.0000
      -3.2500      -2.2500     671.0000      -0.0304     430.7717      -0.4085       2.0000
      -3.2500      -1.7500     640.0000      -0.0120     426.3489      -0.1656       2.0000
      -3.2500      -1.2500     511.0000      -0.0031     439.2969      -0.1223       2.0000
      -3.2500      -0.7500     452.0000      -0.1878     479.0460      -0.2546       2.0000
      -3.2500      -0.2500     409.0000      -0.1732     456.5186      -0.1266       2.0000
      -3.2500       0.2500     433.0000      -0.1320     428.6912      -0.1485       2.0000
      -3.2500       0.7500     616.0000       0.0301     418.1802       0.3281       2.0000
      -3.2500       1.2500     744.0000       0.1811     453.0485       0.3260       2.0000
      -3.2500       1.7500     831.0000       0.1612     454.1852       0.1684       2.0000
      -3.2500       2.2500     813.0000       0.1611     442.6840      -0.1144       2.0000
      -3.2500       2.7500     965.0000       0.2992     442.2142      -0.5338       2.0000
      -3.2500       3.2500    1089.0000       0.3072     445.4470      -0.1752       2.0000
      -3.2500       3.7500    1496.0000       0.2974     416.9528      -0.5647       2.0000
      -3.2500       4.2500     584.0000       0.2832     417.1147       0.1393       2.0000
      -3.2500       4.7500     583.0000       0.3264     443.7744      -0.1483       2.0000
      -2.7500      -5.2500      49.0000       0.3452     467.9041      -0.4033       2.0000
      -2.7500      -4.7500    1681.0000       0.1451     433.9885       0.1936       2.0000
      -2.7500      -4.2500     959.0000       0.2615     433.8345       0.5196       2.0000
      -2.7500      -3.7500     980.0000       0.2093     428.2941      -0.1417       2.0000
      -2.7500      -3.2500     808.0000       0.2817     435.3182      -0.3065       2.0000
      -2.7500      -2.7500     838.0000       0.1488     424.9796      -0.0700       2.0000
      -2.7500      -2.2500     738.0000      -0.0649     435.4546       0.1148       2.0000
      -2.7500      -1.7500     730.0000      -0.0740     447.1781       0.3641       2.0000
      -2.7500      -1.2500     854.0000      -0.1444     438.7905      -0.0639       2.0000
      -2.7500       1.2500     595.0000       0.2098     432.7830       0.3011       2.0000
      -2.7500       1.7500     903.0000       0.2447     435.7760       0.6871       2.0000
      -2.7500       2.2500     747.0000       0.1356     438.4295      -0.0882       2.0000
      -2.7500       2.7500     794.0000       0.2717     440.3816      -0.7944       2.0000
      -2.7500       3.2500     917.0000       0.2235     447.6611      -0.2544       2.0000
      -2.7500       3.7500    1304.0000       0.3423     458.2659      -0.0537       2.0000
      -2.7500       4.2500    1409.0000       0.2698     438.3984      -0.4010       2.0000
      -2.7500       4.7500     490.0000       0.3485     379.3788      -0.6612       2.0000
      -2.7500       5.2500     289.0000       0.3549     424.7073       0.3563       2.0000
      -2.2500      -5.2500     748.0000       0.1673     423.0140       0.0282       2.0000
      -2.2500      -4.7500    1265.0000       0.1412     432.7720       0.0025       2.0000
      -2.2500      -4.2500     630.0000       0.2369     437.4592       1.3825       2.0000
      -2.2500      -3.7500     734.0000       0.2377     417.9241      -0.0857       2.0000
      -2.2500      -3.2500     710.0000       0.1566     424.2635       0.3161       2.0000
      -2.2500      -2.7500     812.0000      -0.0334     407.7122      -0.2368       2.0000
      -2.2500      -2.2500     846.0000      -0.1011     422.6613       0.0277       2.0000
      -2.2500       2.2500     845.0000       0.1745     425.6715      -0.1449       2.0000
      -2.2500       2.7500     763.0000       0.2484     424.3663      -0.6135       2.0000
      -2.2500       3.2500     773.0000       0.2325     417.2726      -0.3712       2.0000
      -2.2500       3.7500     906.0000       0.3399     438.3623      -0.5846       2.0000
      -2.2500       4.2500    1957.0000       0.3192     452.2894      -0.3217       2.0000
      -2.2500       4.7500     790.0000       0.3937     451.6095      -0.4089       2.0000
      -2.2500       5.2500     467.0000       0.3849     431.6283      -0.8400       2.0000
      -1.7500      -5.2500    1357.0000       0.1401     412.5519      -0.3381       2.0000
      -1.7500      -4.7500     741.0000       0.2640     438.7557      -0.2731       2.0000
      -1.7500      -4.2500     737.0000       0.2350     430.3058       0.9601       2.0000
      -1.7500      -3.7500     718.0000       0.2188     410.1848      -0.2002       2.0000
      -1.7500      -3.2500     825.0000       0.1067     423.1638       0.2576       2.0000
      -1.7500      -2.7500     822.0000      -0.0092     409.6369       0.0268       2.0000
      -1.7500       2.7500     867.0000       0.2238     440.6537      -0.2412       2.0000
      -1.7500       3.2500     790.0000       0.2438     441.4766       0.3671       2.0000
      -1.7500       3.7500     772.0000       0.2814     470.4438      -0.1242       2.0000
      -1.7500       4.2500     941.0000       0.2300     421.0987       0.0197       2.0000
      -1.7500       4.7500    1881.0000       0.3612     442.6326      -0.5883       2.0000
      -1.7500       5.2500     617.0000       0.3786     477.8575      -0.2873       2.0000
      -1.2500      -5.7500     172.0000      -0.0242     390.8424       0.2006       2.0000
      -1.2500      -5.2500    1067.0000       0.1718     417.9926       0.0458       2.0000
      -1.2500      -4.7500     769.0000       0.2748     426.8616      -0.2214       2.0000
      -1.2500      -4.2500     762.0000       0.1486     415.6635       0.6045       2.0000
      -1.2500      -3.7500     780.0000       0.2280     410.9078      -0.0062       2.0000
      -1.2500      -3.2500     680.0000       0.1192     401.3799       0.1427       2.0000
      -1.2500      -2.7500     624.0000      -0.0205     415.3851       0.2380       2.0000
      -1.2500       2.7500     965.0000       0.2509     437.2810      -0.2837       2.0000
      -1.2500       3.2500     989.0000       0.2233     440.0960      -0.1950       2.0000
      -1.2500       3.7500     599.0000       0.1865     441.7229      -0.1362       2.0000
      -1.2500       4.2500     777.0000       0.3175     442.7386      -0.3730       2.0000
      -1.2500       4.7500    2131.0000       0.3262     444.6359      -0.2690       2.0000
      -1.2500       5.2500     492.0000       0.3588     433.7992       0.5771       2.0000
      -1.2500       5.7500     403.0000       0.4397     503.9325       0.5655       2.0000
      -0.7500      -5.7500     403.0000       0.0025     383.7424       0.0467       2.0000
      -0.7500      -5.2500     926.0000       0.1632     409.2712      -0.3947       2.0000
      -0.7500      -4.7500     722.0000       0.2047     390.9741      -0.4839       2.0000
      -0.7500      -4.2500     839.0000       0.2550     411.4313       0.0544       2.0000
      -0.7500      -3.7500     512.0000       0.1624          NaN          NaN       2.0000
      -0.7500      -3.2500     706.0000       0.0852     433.9731      -0.0786       2.0000
      -0.7500       3.2500     775.0000       0.2014     452.1058      -0.1454       2.0000
      -0.7500       3.7500     823.0000       0.2502     450.7323      -0.0231       2.0000
      -0.7500       4.2500     899.0000       0.2052     423.4552       0.2028       2.0000
      -0.7500       4.7500    1495.0000       0.3861     463.2587      -0.1096       2.0000
      -0.7500       5.2500    1105.0000       0.3201     416.6729       0.1447       2.0000
      -0.7500       5.7500     438.0000       0.4712     498.0000       0.5962       2.0000
      -0.2500      -5.7500     478.0000       0.0062     384.9036      -0.1550       2.0000
      -0.2500      -5.2500     900.0000       0.2036     381.5436      -0.2163       2.0000
      -0.2500      -4.7500     875.0000       0.1967     392.7113      -0.1933       2.0000
      -0.2500      -4.2500     528.0000       0.3279     395.4958      -0.8967       2.0000
      -0.2500      -3.7500     649.0000       0.1408     418.4011       0.1819       2.0000
      -0.2500      -3.2500     664.0000       0.0838     409.0602      -0.6692       2.0000
      -0.2500       3.2500     622.0000       0.1445     460.2974       0.2639       2.0000
      -0.2500       3.7500     673.0000       0.2008     429.5111       0.1399       2.0000
      -0.2500       4.2500     931.0000       0.2685     458.8057      -0.0305       2.0000
      -0.2500       4.7500    1347.0000       0.2747     444.0736      -0.6401       2.0000
      -0.2500       5.2500    1564.0000       0.2801     441.6877      -0.0816       2.0000
      -0.2500       5.7500     341.0000       0.3946     471.3748      -0.2800       2.0000
       0.2500      -5.7500     431.0000       0.0719     385.6037      -0.2489       2.0000
       0.2500      -5.2500     974.0000       0.0842     384.5064      -0.1463       2.0000
       0.2500      -4.7500     701.0000       0.2290     389.1612      -0.0735       2.0000
       0.2500      -4.2500     510.0000       0.2541     412.7016      -0.6814       2.0000
       0.2500      -3.7500     522.0000       0.2424     399.1510      -0.1993       2.0000
       0.2500      -3.2500     728.0000       0.0258     408.1005       0.3190       2.0000
       0.2500       3.2500     577.0000       0.2077     466.6166      -0.0800       2.0000
       0.2500       3.7500     763.0000       0.1193     452.3518       0.2199       2.0000
       0.2500       4.2500     801.0000       0.2358     444.1366      -0.6075       2.0000
       0.2500       4.7500    1380.0000       0.2871     460.7612      -0.1101       2.0000
       0.2500       5.2500    1686.0000       0.2473     434.5702       0.4417       2.0000
       0.2500       5.7500     313.0000       0.2967     482.9240       0.3824       2.0000
       0.7500      -5.7500     441.0000       0.1430     374.3585       0.0838       2.0000
       0.7500      -5.2500    1007.0000       0.0969     375.9442      -0.0579       2.0000
       0.7500      -4.7500     633.0000       0.2048     403.3139       0.0450       2.0000
       0.7500      -4.2500     461.0000       0.1916     415.1902      -0.2359       2.0000
       0.7500      -3.7500     549.0000       0.2238     392.9219      -0.0732       2.0000
       0.7500      -3.2500     744.0000       0.0760     402.9442      -0.5537       2.0000
       0.7500       3.2500     579.0000       0.1069     457.6541      -0.3151       2.0000
       0.7500       3.7500     753.0000       0.1602     455.6765      -0.0715       2.0000
       0.7500       4.2500    1014.0000       0.2836     466.1637      -0.1216       2.0000
       0.7500       4.7500    1275.0000       0.2558     442.9127      -0.3155       2.0000
       0.7500       5.2500    1517.0000       0.2759     430.7638      -0.2754       2.0000
       0.7500       5.7500     180.0000       0.2320     453.1367       0.0658       2.0000
       1.2500      -5.7500     481.0000       0.1421     382.3794      -1.3066       2.0000
       1.2500      -5.2500     755.0000       0.0688     368.7528       0.5068       2.0000
       1.2500      -4.7500     671.0000       0.1338     395.8923      -0.3101       2.0000
       1.2500      -4.2500     477.0000       0.2839     401.0891       0.6142       2.0000
       1.2500      -3.7500     523.0000       0.1492     412.8317       0.4526       2.0000
       1.2500      -3.2500     713.0000       0.1013     410.1839      -0.1242       2.0000
       1.2500      -2.7500     752.0000       0.0815     425.4037      -0.5487       2.0000
       1.2500       2.7500     681.0000       0.0194     439.5333       0.0321       2.0000
       1.2500       3.2500     766.0000       0.1509     456.6533      -0.4347       2.0000
       1.2500       3.7500     963.0000       0.1909     470.9146      -0.1527       2.0000
       1.2500       4.2500    1081.0000       0.2630     463.6186       0.3175       2.0000
       1.2500       4.7500     970.0000       0.2055     424.6212      -0.4501       2.0000
       1.2500       5.2500    1583.0000       0.2511     438.3525      -0.4960       2.0000
       1.2500       5.7500       9.0000       0.1933     488.0889      -3.0667       2.0000
       1.7500      -5.2500     951.0000       0.1118     380.4421      -0.8094       2.0000
       1.7500      -4.7500     700.0000       0.0137     391.2291      -0.0335       2.0000
       1.7500      -4.2500     474.0000       0.1044     390.0825       0.6431       2.0000
       1.7500      -3.7500     565.0000       0.1924     419.6754      -0.0298       2.0000
       1.7500      -3.2500     651.0000       0.2449     417.7028       0.3081       2.0000
       1.7500      -2.7500     729.0000       0.1303     439.8037       0.3385       2.0000
       1.7500       2.7500     822.0000       0.0855     469.4938       0.1894       2.0000
       1.7500       3.2500     789.0000       0.1736     456.4003      -0.1398       2.0000
       1.7500       3.7500    1000.0000       0.1207     431.3215      -0.9803       2.0000
       1.7500       4.2500     943.0000       0.1600     458.2938       0.7446       2.0000
       1.7500       4.7500     829.0000       0.2341     425.6052      -0.5597       2.0000
       1.7500       5.2500    1265.0000       0.1928     435.1519      -0.1055       2.0000
       2.2500      -5.2500     873.0000       0.0602     380.3880      -0.7767       2.0000
       2.2500      -4.7500     802.0000       0.0816     388.8362      -0.5271       2.0000
       2.2500      -4.2500     538.0000       0.1481     400.3480      -0.2474       2.0000
       2.2500      -3.7500     366.0000       0.0450     386.4590       0.1273       2.0000
       2.2500      -3.2500     415.0000       0.1166     391.0935      -0.1464       2.0000
       2.2500      -2.7500     793.0000       0.1407     437.5026       0.4062       2.0000
       2.2500      -2.2500     742.0000       0.1403     442.0330      -0.2258       2.0000
       2.2500       2.2500     986.0000       0.1194     433.9516      -0.1588       2.0000
       2.2500       2.7500     979.0000       0.1233     445.5825      -0.3392       2.0000
       2.2500       3.2500     814.0000       0.1484     428.0548      -0.3540       2.0000
       2.2500       3.7500    1044.0000       0.1550     452.4097       0.1650       2.0000
       2.2500       4.2500     700.0000       0.1847     454.9341       0.5009       2.0000
       2.2500       4.7500    1128.0000       0.1969     429.0004       0.0263       2.0000
       2.2500       5.2500     657.0000       0.2287     445.6743      -0.3046       2.0000
       2.7500      -5.2500     340.0000       0.0462     377.5597      -1.0407       2.0000
       2.7500      -4.7500     823.0000       0.0230     386.4893       0.6750       2.0000
       2.7500      -4.2500     669.0000       0.0246     375.4849      -0.8870       2.0000
       2.7500      -3.7500     725.0000       0.1027     407.4593      -0.5880       2.0000
       2.7500      -3.2500     538.0000       0.1856     408.6007      -0.0180       2.0000
       2.7500      -2.7500     691.0000       0.1745     408.4628      -0.1523       2.0000
       2.7500      -2.2500     752.0000       0.1670     428.9246      -0.8689       2.0000
       2.7500      -1.7500     852.0000       0.2027     409.3962      -0.9488       2.0000
       2.7500      -1.2500     983.0000       0.2067     425.8508      -0.7113       2.0000
       2.7500       1.2500     906.0000       0.1848     432.7589      -0.0466       2.0000
       2.7500       1.7500     698.0000       0.0669     434.8930       0.0986       2.0000
       2.7500       2.2500     773.0000       0.0169     447.1171      -0.3837       2.0000
       2.7500       2.7500     752.0000       0.0529     454.0388      -0.3665       2.0000
       2.7500       3.2500     593.0000       0.0504     407.2993      -0.3011       2.0000
       2.7500       3.7500     912.0000       0.0844     427.7408      -0.0057       2.0000
       2.7500       4.2500    1216.0000       0.1806     442.1658      -0.0305       2.0000
       2.7500       4.7500    1348.0000       0.2656     454.5501      -0.4606       2.0000
       2.7500       5.2500       1.0000       0.2064     440.3000      -0.0700       2.0000
       3.2500      -4.7500     798.0000       0.0115     380.9551       0.2640       2.0000
       3.2500      -4.2500     689.0000       0.0703     374.5681      -0.3662       2.0000
       3.2500      -3.7500     645.0000       0.0453     397.9851       0.1352       2.0000
       3.2500      -3.2500     692.0000       0.0871     392.4753       0.1993       2.0000
       3.2500      -2.7500     818.0000       0.1255     404.6994       0.3645       2.0000
       3.2500      -2.2500     893.0000       0.1362     419.4411       0.0851       2.0000
       3.2500      -1.7500     896.0000       0.1465     404.0537      -0.3093       2.0000
       3.2500      -1.2500     835.0000       0.2256     409.7546       0.1243       2.0000
       3.2500      -0.7500     721.0000       0.1947     434.6498      -0.7859       2.0000
       3.2500      -0.2500     680.0000       0.2058     434.1294       0.0295       2.0000
       3.2500       0.2500     664.0000       0.2685     443.8050      -0.2257       2.0000
       3.2500       0.7500     660.0000       0.2061     409.6297       0.0303       2.0000
       3.2500       1.2500     611.0000       0.0883     408.4370      -0.6746       2.0000
       3.2500       1.7500     693.0000       0.0633     435.8952      -0.3146       2.0000
       3.2500       2.2500     899.0000       0.1223     448.9446      -0.4124       2.0000
       3.2500       2.7500     873.0000       0.1136     461.1888      -0.0941       2.0000
       3.2500       3.2500     944.0000       0.1313     446.1822      -0.1715       2.0000
       3.2500       3.7500    1387.0000       0.1776     450.4995      -0.4627       2.0000
       3.2500       4.2500    1264.0000       0.1833     449.1009       0.0821       2.0000
       3.2500       4.7500     413.0000       0.1778     453.9000       1.1919       2.0000
       3.7500      -4.2500     736.0000       0.0467     378.3576      -0.4244       2.0000
       3.7500      -3.7500     558.0000       0.0059     393.3303       0.3887       2.0000
       3.7500      -3.2500     564.0000       0.0763     387.5255       0.0423       2.0000
       3.7500      -2.7500     542.0000       0.1272     400.4308       0.7940       2.0000
       3.7500      -2.2500     513.0000       0.0922     401.0057      -0.5031       2.0000
       3.7500      -1.7500     641.0000       0.1366     416.7251      -0.5476       2.0000
       3.7500      -1.2500     670.0000       0.1971     433.0888      -0.0184       2.0000
       3.7500      -0.7500     537.0000       0.2054     436.3600       1.0700       2.0000
       3.7500      -0.2500     752.0000       0.2409     440.2854      -0.3215       2.0000
       3.7500       0.2500     682.0000       0.2317     411.6919      -0.3520       2.0000
       3.7500       0.7500     591.0000       0.2190     440.0778      -0.2969       2.0000
       3.7500       1.2500     456.0000       0.1311     438.0485      -0.6443       2.0000
       3.7500       1.7500     601.0000       0.0507     437.0266       0.4873       2.0000
       3.7500       2.2500     715.0000       0.1027     439.3717      -0.0881       2.0000
       3.7500       2.7500     745.0000       0.1157     437.1607       0.1865       2.0000
       3.7500       3.2500    1271.0000       0.1326     427.1726      -0.4160       2.0000
       3.7500       3.7500    1243.0000       0.1642     448.9833       0.2803       2.0000
       3.7500       4.2500     766.0000       0.2336     500.5277      -0.0728       2.0000
       4.2500      -3.7500     696.0000      -0.0065     388.8996      -0.0309       2.0000
       4.2500      -3.2500     614.0000      -0.0446     393.3129       0.3332       2.0000
       4.2500      -2.7500     465.0000       0.0723     397.6252      -0.4959       2.0000
       4.2500      -2.2500     455.0000       0.0914     421.0204       0.4832       2.0000
       4.2500      -1.7500     363.0000       0.0371     423.1978       0.2409       2.0000
       4.2500      -1.2500     449.0000       0.1188     402.8367       0.7726       2.0000
       4.2500      -0.7500     524.0000       0.2117     425.2015       0.3286       2.0000
       4.2500      -0.2500     523.0000       0.1870     429.9675      -0.9144       2.0000
       4.2500       0.2500     715.0000       0.1666     444.4355      -0.5447       2.0000
       4.2500       0.7500     663.0000       0.1594     415.6063      -0.7602       2.0000
       4.2500       1.2500     688.0000       0.1690     430.4340      -0.1252       2.0000
       4.2500       1.7500     745.0000       0.2031     460.9191      -0.3854       2.0000
       4.2500       2.2500    1236.0000       0.1441     461.2306      -0.0697       2.0000
       4.2500       2.7500    1549.0000       0.1804     457.8061      -0.3197       2.0000
       4.2500       3.2500    1075.0000       0.1924     483.2192      -0.1376       2.0000
       4.2500       3.7500     789.0000       0.1450     502.5740       0.2194       2.0000
       4.7500      -3.2500     618.0000      -0.0337     398.3450      -0.0728       2.0000
       4.7500      -2.7500     648.0000       0.0769     395.1745      -0.8700       2.0000
       4.7500      -2.2500     363.0000      -0.0316     397.1248       0.3722       2.0000
       4.7500      -1.7500     392.0000       0.0510     412.9737       0.2306       2.0000
       4.7500      -1.2500     456.0000       0.1061     402.5408      -0.2427       2.0000
       4.7500      -0.7500     394.0000       0.0403     391.9076      -0.4512       2.0000
       4.7500      -0.2500     568.0000       0.1429     419.9336      -0.9590       2.0000
       4.7500       0.2500     390.0000       0.1674     434.6649      -0.7202       2.0000
       4.7500       0.7500     733.0000       0.1791     459.4383      -0.5693       2.0000
       4.7500       1.2500     857.0000       0.1719     435.6768      -0.8687       2.0000
       4.7500       1.7500    1034.0000       0.1184     420.7128      -0.3329       2.0000
       4.7500       2.2500     585.0000       0.1350     431.6046       0.2677       2.0000
       4.7500       2.7500     693.0000       0.1793     457.7794      -0.3013       2.0000
       4.7500       3.2500     649.0000       0.1844     487.7496       0.1381       2.0000
       5.2500      -2.7500     356.0000       0.0480     393.3798      -0.6484       2.0000
       5.2500      -2.2500     887.0000       0.0067     399.4001      -0.1134       2.0000
       5.2500      -1.7500     883.0000      -0.0032     400.2767      -0.0386       2.0000
       5.2500      -1.2500     806.0000       0.0416     417.0682       0.0680       2.0000
       5.2500      -0.7500     854.0000       0.0966     412.0906      -0.4213       2.0000
       5.2500      -0.2500     581.0000       0.0989     408.1809      -0.6899       2.0000
       5.2500       0.2500     641.0000       0.1373     439.6190       0.0054       2.0000
       5.2500       0.7500     553.0000       0.0948     444.0150       0.0490       2.0000
       5.2500       1.2500     685.0000       0.1121     447.1988       0.1894       2.0000
       5.2500       1.7500     856.0000       0.0853     471.2006      -0.3602       2.0000
       5.2500       2.2500     920.0000       0.1075     471.9461      -0.3796       2.0000
       5.2500       2.7500     363.0000       0.1231     497.1039       0.1649       2.0000
       5.7500      -1.2500     474.0000      -0.1048     402.4331       0.6458       2.0000
       5.7500      -0.7500     422.0000      -0.0322     399.4908       0.0196       2.0000
       5.7500      -0.2500     463.0000       0.0137     402.1704      -0.7327       2.0000
       5.7500       0.2500     488.0000       0.0505     424.8361      -0.9572       2.0000
       5.7500       0.7500     506.0000       0.0897     434.9931      -0.4525       2.0000
       5.7500       1.2500     380.0000       0.1060     455.3179      -0.7115       2.0000
      -5.7500      -1.2500     572.0000       0.1366     453.2878       0.4599       2.0000
      -5.7500      -0.7500     196.0000       0.0421     439.1077      -0.7205       2.0000
      -5.7500      -0.2500      38.0000      -0.1328     378.9237       0.7726       2.0000
      -5.7500       0.2500      68.0000       0.0534     458.5235       2.2440       2.0000
      -5.7500       0.7500     297.0000       0.0956     459.5377       0.3687       2.0000
      -5.7500       1.2500     748.0000       0.1647     451.6910      -0.1157       2.0000
      -5.2500      -2.7500     570.0000       0.1080     404.2967      -0.4630       2.0000
      -5.2500      -2.2500     959.0000       0.0529     415.0797      -0.0422       2.0000
      -5.2500      -1.7500    1179.0000       0.1111     423.5308       0.2772       2.0000
      -5.2500      -1.2500    1089.0000       0.1201     433.7049      -0.1471       2.0000
      -5.2500      -0.7500    1112.0000      -0.0135     435.3241       0.5440       2.0000
      -5.2500      -0.2500    1113.0000       0.0192     439.2262       0.0700       2.0000
      -5.2500       0.2500     948.0000       0.0646     433.1963      -0.2414       2.0000
      -5.2500       0.7500     958.0000       0.0872     417.6354       0.3751       2.0000
      -5.2500       1.2500    1553.0000       0.1095     447.6325      -0.0692       2.0000
      -5.2500       1.7500    1870.0000       0.1176     466.3373       0.2477       2.0000
      -5.2500       2.2500    1240.0000       0.1479     462.8689       0.5340       2.0000
      -5.2500       2.7500     425.0000       0.1912     447.1094       0.1247       2.0000
      -4.7500      -3.2500    1058.0000       0.0636     420.9090      -0.0951       2.0000
      -4.7500      -2.7500    1066.0000       0.0809     429.9398      -0.2125       2.0000
      -4.7500      -2.2500    1474.0000       0.0108     451.1044       0.5447       2.0000
      -4.7500      -1.7500    1988.0000       0.0512     449.1178      -0.0841       2.0000
      -4.7500      -1.2500    1992.0000       0.0287     440.9743      -0.0569       2.0000
      -4.7500      -0.7500    1423.0000      -0.0491     434.5358      -0.3657       2.0000
      -4.7500      -0.2500    1074.0000      -0.0764     446.8446      -0.8427       2.0000
      -4.7500       0.2500     990.0000      -0.0846     443.4616       0.1897       2.0000
      -4.7500       0.7500    1033.0000      -0.0252     430.4301       0.4645       2.0000
      -4.7500       1.2500    1651.0000       0.0299     429.8586      -0.0459       2.0000
      -4.7500       1.7500    1986.0000       0.0576     435.4902      -0.3930       2.0000
      -4.7500       2.2500    2108.0000       0.1798     445.7439       0.0030       2.0000
      -4.7500       2.7500    2393.0000       0.2005     451.3314      -0.1960       2.0000
      -4.7500       3.2500    1022.0000       0.2199     446.8794      -0.1490       2.0000
      -4.2500      -3.7500    1322.0000       0.1563     441.7612       0.3213       2.0000
      -4.2500      -3.2500    1646.0000       0.1216     450.5302       0.0685       2.0000
      -4.2500      -2.7500    1618.0000       0.0595     457.1444       0.1658       2.0000
      -4.2500      -2.2500    1470.0000       0.0607     450.2865       0.6998       2.0000
      -4.2500      -1.7500    1285.0000       0.1586     455.1198      -0.0757       2.0000
      -4.2500      -1.2500    1004.0000       0.0701     446.1245      -0.1355       2.0000
      -4.2500      -0.7500     557.0000      -0.0167     450.4474      -0.4871       2.0000
      -4.2500      -0.2500     665.0000      -0.0961     426.1952       0.0391       2.0000
      -4.2500       0.2500     701.0000      -0.0483     451.1267      -0.1784       2.0000
      -4.2500       0.7500     767.0000       0.0021     481.0525      -0.5127       2.0000
      -4.2500       1.2500     972.0000       0.0263     466.4668       0.2573       2.0000
      -4.2500       1.7500     980.0000       0.0848     451.1732      -0.5824       2.0000
      -4.2500       2.2500    1150.0000       0.1187     452.8835      -0.6045       2.0000
      -4.2500       2.7500    1270.0000       0.1809     445.8020      -0.2119       2.0000
      -4.2500       3.2500    2370.0000       0.2239     455.6264      -0.1720       2.0000
      -4.2500       3.7500    1209.0000       0.3046     456.0679      -0.1366       2.0000
      -3.7500      -4.2500    1439.0000       0.1244     466.4830       0.7751       2.0000
      -3.7500      -3.7500    1991.0000       0.0816     443.7099       0.0854       2.0000
      -3.7500      -3.2500    1320.0000       0.0416     434.2881      -0.2668       2.0000
      -3.7500      -2.7500    1200.0000      -0.0733     428.8298       0.0360       2.0000
      -3.7500      -2.2500    1193.0000      -0.0089     438.1995      -0.1090       2.0000
      -3.7500      -1.7500    1043.0000      -0.0113     434.2810      -0.3674       2.0000
      -3.7500      -1.2500     830.0000      -0.0624     459.7134      -0.4898       2.0000
      -3.7500      -0.7500     412.0000      -0.1376     463.9420      -0.2012       2.0000
      -3.7500      -0.2500     458.0000      -0.1862     460.6585      -0.4623       2.0000
      -3.7500       0.2500     520.0000      -0.0570     467.3583      -0.0123       2.0000
      -3.7500       0.7500     514.0000      -0.1122     445.3551       0.0065       2.0000
      -3.7500       1.2500     907.0000       0.0261     442.4762      -0.3425       2.0000
      -3.7500       1.7500     823.0000       0.1048     432.3052       0.2151       2.0000
      -3.7500       2.2500    1210.0000       0.1429     448.1407      -0.3350       2.0000
      -3.7500       2.7500    1166.0000       0.2864     455.4138      -0.2591       2.0000
      -3.7500       3.2500    1520.0000       0.2301     447.9739      -0.2278       2.0000
      -3.7500       3.7500    2034.0000       0.2615     454.2985      -0.1333       2.0000
      -3.7500       4.2500    1316.0000       0.3424     437.6643      -0.1365       2.0000
      -3.2500      -4.7500     929.0000       0.0120     461.0157       0.9384       2.0000
      -3.2500      -4.2500    1801.0000       0.0617     432.1651      -0.0501       2.0000
      -3.2500      -3.7500    1268.0000       0.0942     428.4141      -0.2068       2.0000
      -3.2500      -3.2500    1142.0000       0.0135     443.4546       0.2554       2.0000
      -3.2500      -2.7500    1042.0000      -0.0317     437.0578       0.6232       2.0000
      -3.2500      -2.2500    1113.0000      -0.0299     437.5882       0.2621       2.0000
      -3.2500      -1.7500     902.0000      -0.0278     443.4521      -0.1894       2.0000
      -3.2500      -1.2500     724.0000      -0.1368     429.4283      -0.2160       2.0000
      -3.2500      -0.7500     571.0000      -0.1591     447.6736      -0.3191       2.0000
      -3.2500      -0.2500     319.0000      -0.1104     489.1790       0.1111       2.0000
      -3.2500       0.2500     435.0000      -0.1811     430.8752      -0.7015       2.0000
      -3.2500       0.7500     661.0000      -0.0806     420.5809      -0.2684       2.0000
      -3.2500       1.2500     810.0000       0.0741     453.6762      -0.0560       2.0000
      -3.2500       1.7500     951.0000       0.0747     461.1209       0.0791       2.0000
      -3.2500       2.2500    1057.0000       0.1251     444.2101      -0.3457       2.0000
      -3.2500       2.7500    1147.0000       0.1591     462.0783      -0.0191       2.0000
      -3.2500       3.2500    1430.0000       0.1938     464.2085      -0.1119       2.0000
      -3.2500       3.7500    1873.0000       0.2721     438.0684       0.2189       2.0000
      -3.2500       4.2500    1312.0000       0.2504     451.5681      -0.0958       2.0000
      -3.2500       4.7500    1116.0000       0.4571     451.3151      -0.0314       2.0000
      -2.7500      -5.2500     348.0000       0.0955     480.5083       1.0519       2.0000
      -2.7500      -4.7500    2035.0000       0.0539     433.0811       0.0112       2.0000
      -2.7500      -4.2500    1326.0000       0.0686     437.3692      -0.1261       2.0000
      -2.7500      -3.7500    1154.0000      -0.0053     419.2406      -0.3841       2.0000
      -2.7500      -3.2500    1140.0000      -0.0199     430.6108      -0.3302       2.0000
      -2.7500      -2.7500    1065.0000      -0.0245     420.3021       0.0417       2.0000
      -2.7500      -2.2500    1014.0000      -0.0409     426.5055       0.1456       2.0000
      -2.7500      -1.7500    1021.0000      -0.0670     431.7672      -0.1098       2.0000
      -2.7500      -1.2500     892.0000      -0.1511     442.2484       0.1403       2.0000
      -2.7500       1.2500     757.0000       0.0948     422.3856      -0.3100       2.0000
      -2.7500       1.7500     795.0000       0.1368     454.0396       0.2164       2.0000
      -2.7500       2.2500     853.0000       0.1229     446.1197      -0.0340       2.0000
      -2.7500       2.7500     847.0000       0.1422     447.7150      -0.1574       2.0000
      -2.7500       3.2500    1070.0000       0.1992     464.9705      -0.3181       2.0000
      -2.7500       3.7500    1428.0000       0.2433     461.4417      -0.2419       2.0000
      -2.7500       4.2500    1935.0000       0.2527     446.8968      -0.0511       2.0000
      -2.7500       4.7500    1047.0000       0.4028     442.5618       0.1258       2.0000
      -2.7500       5.2500     555.0000       0.4250     464.3899       0.0067       2.0000
      -2.2500      -5.2500    1535.0000      -0.0052     462.5623       0.4630       2.0000
      -2.2500      -4.7500    1835.0000       0.0647     423.2785       0.0207       2.0000
      -2.2500      -4.2500     905.0000       0.0014     421.4723       0.2828       2.0000
      -2.2500      -3.7500     957.0000       0.0076     411.7499      -0.1851       2.0000
      -2.2500      -3.2500     996.0000       0.0120     417.1652      -0.4713       2.0000
      -2.2500      -2.7500     790.0000      -0.0571     412.7195       0.1628       2.0000
      -2.2500      -2.2500     885.0000      -0.0988     419.2312       0.0014       2.0000
      -2.2500       2.2500     879.0000       0.2005     445.9016      -0.1084       2.0000
      -2.2500       2.7500     868.0000       0.1806     461.4596      -0.0014       2.0000
      -2.2500       3.2500    1056.0000       0.2066     460.9182      -0.3746       2.0000
      -2.2500       3.7500    1167.0000       0.2794     455.2199      -0.4917       2.0000
      -2.2500       4.2500    1800.0000       0.2591     446.9175      -0.4940       2.0000
      -2.2500       4.7500    1643.0000       0.2998     455.5758       0.2487       2.0000
      -2.2500       5.2500    1020.0000       0.3976     457.5069       0.1594       2.0000
      -1.7500      -5.2500    2049.0000      -0.0108     435.6300       0.5125       2.0000
      -1.7500      -4.7500    1287.0000       0.0733     427.9535      -0.2297       2.0000
      -1.7500      -4.2500     970.0000       0.0911     416.5609      -0.0242       2.0000
      -1.7500      -3.7500     984.0000       0.1007     391.4458      -0.4543       2.0000
      -1.7500      -3.2500     930.0000      -0.0105     426.2551       0.3022       2.0000
      -1.7500      -2.7500     773.0000      -0.0689     404.7233       0.0955       2.0000
      -1.7500       2.7500     890.0000       0.2501     452.0676       0.1380       2.0000
      -1.7500       3.2500     980.0000       0.1997     439.8147      -0.1709       2.0000
      -1.7500       3.7500    1037.0000       0.2561     452.5893      -0.4550       2.0000
      -1.7500       4.2500    1066.0000       0.3070     456.7680      -0.7447       2.0000
      -1.7500       4.7500    2394.0000       0.3209     442.0668       0.0048       2.0000
      -1.7500       5.2500    1143.0000       0.3223     482.3682       0.3914       2.0000
      -1.2500      -5.7500     790.0000       0.0130     460.1428       0.1096       2.0000
      -1.2500      -5.2500    1854.0000       0.0104     430.8294      -0.0717       2.0000
      -1.2500      -4.7500    1280.0000       0.0782     415.4847      -0.3503       2.0000
      -1.2500      -4.2500     974.0000       0.2415     409.7385       0.1120       2.0000
      -1.2500      -3.7500     884.0000       0.1603     417.6688      -0.0853       2.0000
      -1.2500      -3.2500     679.0000      -0.0400     418.6268      -0.0946       2.0000
      -1.2500      -2.7500     638.0000      -0.0789     432.4632       0.4138       2.0000
      -1.2500       2.7500     809.0000       0.1273     435.7939       0.2360       2.0000
      -1.2500       3.2500     864.0000       0.1655     435.8383       0.1660       2.0000
      -1.2500       3.7500     895.0000       0.2216     454.3554      -0.3843       2.0000
      -1.2500       4.2500    1202.0000       0.2877     437.3354      -0.2056       2.0000
      -1.2500       4.7500    2180.0000       0.3246     444.9704      -0.6741       2.0000
      -1.2500       5.2500     898.0000       0.3402     456.9899       0.0645       2.0000
      -1.2500       5.7500     677.0000       0.3261     473.5911       0.1647       2.0000
      -0.7500      -5.7500    1040.0000      -0.0257     453.0201      -0.3850       2.0000
      -0.7500      -5.2500    2062.0000       0.0346     426.8138      -0.1691       2.0000
      -0.7500      -4.7500    1101.0000       0.0973     395.0505      -0.1355       2.0000
      -0.7500      -4.2500     946.0000       0.3229     423.3964      -0.2225       2.0000
      -0.7500      -3.7500     656.0000       0.1026     440.6666       0.3395       2.0000
      -0.7500      -3.2500     661.0000      -0.0009     420.5563      -0.1973       2.0000
      -0.7500       3.2500    1039.0000       0.1539     447.9177      -0.3738       2.0000
      -0.7500       3.7500     725.0000       0.1556     425.5314      -0.0063       2.0000
      -0.7500       4.2500    1051.0000       0.1974     435.9745       0.0791       2.0000
      -0.7500       4.7500    2111.0000       0.3202     451.2495      -0.2981       2.0000
      -0.7500       5.2500    1099.0000       0.2896     442.7572      -0.5626       2.0000
      -0.7500       5.7500     740.0000       0.3615     478.6308       0.3518       2.0000
      -0.2500      -5.7500    1031.0000       0.0234     435.6183      -0.2774       2.0000
      -0.2500      -5.2500    1952.0000       0.0698     423.8859       0.0553       2.0000
      -0.2500      -4.7500    1201.0000       0.1549     428.5664      -0.3406       2.0000
      -0.2500      -4.2500     802.0000       0.0841     423.5182       0.1770       2.0000
      -0.2500      -3.7500     762.0000       0.2288     428.4853      -0.1209       2.0000
      -0.2500      -3.2500     597.0000      -0.0006     427.7064       0.0972       2.0000
      -0.2500       3.2500     965.0000       0.1668     435.4432      -0.2411       2.0000
      -0.2500       3.7500     968.0000       0.1500     437.9576      -0.2416       2.0000
      -0.2500       4.2500    1042.0000       0.2490     430.4638      -0.5182       2.0000
      -0.2500       4.7500    1797.0000       0.2536     449.8726      -0.3901       2.0000
      -0.2500       5.2500    1463.0000       0.2651     441.0889      -0.7485       2.0000
      -0.2500       5.7500     715.0000       0.2661     487.6368       0.2721       2.0000
       0.2500      -5.7500     883.0000      -0.0590     417.8187      -0.3789       2.0000
       0.2500      -5.2500    1765.0000       0.0970     432.2556      -0.2669       2.0000
       0.2500      -4.7500    1417.0000       0.0987     426.1269       0.2888       2.0000
       0.2500      -4.2500     991.0000       0.0810     438.3179      -0.1012       2.0000
       0.2500      -3.7500     642.0000       0.0848     410.7097      -0.0229       2.0000
       0.2500      -3.2500     645.0000       0.0077     421.5136       0.2936       2.0000
       0.2500       3.2500     792.0000       0.1308     445.6001      -0.2728       2.0000
       0.2500       3.7500    1121.0000       0.1925     430.9616      -0.2528       2.0000
       0.2500       4.2500    1260.0000       0.1514     433.3463      -0.2531       2.0000
       0.2500       4.7500    1555.0000       0.2229     463.5250      -0.7274       2.0000
       0.2500       5.2500    1592.0000       0.1870     446.0672      -0.4603       2.0000
       0.2500       5.7500     675.0000       0.2205     451.9864      -0.4321       2.0000
       0.7500      -5.7500     853.0000      -0.0020     406.8259      -0.6183       2.0000
       0.7500      -5.2500    1434.0000       0.0642     421.9748       0.1307       2.0000
       0.7500      -4.7500    1327.0000       0.0733     435.2622       0.5656       2.0000
       0.7500      -4.2500     946.0000      -0.0379     427.0968       0.0349       2.0000
       0.7500      -3.7500     757.0000       0.0266     426.7420       0.1346       2.0000
       0.7500      -3.2500     651.0000       0.0439     413.1839      -0.1757       2.0000
       0.7500       3.2500    1017.0000       0.1192     439.5117      -0.3620       2.0000
       0.7500       3.7500    1073.0000       0.1516     431.7754      -0.2122       2.0000
       0.7500       4.2500    1303.0000       0.1117     444.0792       0.1261       2.0000
       0.7500       4.7500    1717.0000       0.1954     460.2906      -0.2999       2.0000
       0.7500       5.2500    1369.0000       0.2041     437.4183      -0.1917       2.0000
       0.7500       5.7500     617.0000       0.1937     455.9105      -0.5171       2.0000
       1.2500      -5.7500     701.0000       0.0050     393.2359      -1.3946       2.0000
       1.2500      -5.2500    1448.0000       0.0677     420.4225       0.3220       2.0000
       1.2500      -4.7500    1374.0000      -0.0470     417.6718       0.0211       2.0000
       1.2500      -4.2500    1070.0000       0.0960     434.9663       0.2842       2.0000
       1.2500      -3.7500     960.0000       0.0162     423.2191       0.5154       2.0000
       1.2500      -3.2500     777.0000       0.0666     429.7030      -0.1733       2.0000
       1.2500      -2.7500    1044.0000       0.0112     439.0198       0.0217       2.0000
       1.2500       2.7500     831.0000      -0.0186     429.1282      -0.3532       2.0000
       1.2500       3.2500    1121.0000       0.0267     432.5371      -0.4448       2.0000
       1.2500       3.7500    1088.0000       0.1367     477.8318      -0.2958       2.0000
       1.2500       4.2500    1363.0000       0.1251     449.7201      -0.2156       2.0000
       1.2500       4.7500    1740.0000       0.1337     437.7599      -0.0193       2.0000
       1.2500       5.2500    1371.0000       0.2288     431.2368      -0.2188       2.0000
       1.2500       5.7500     401.0000       0.2349     452.7402      -1.2226       2.0000
       1.7500      -5.2500    1288.0000       0.0201     414.9359      -0.2248       2.0000
       1.7500      -4.7500    2035.0000      -0.0295     420.0292       0.1704       2.0000
       1.7500      -4.2500     980.0000      -0.0274     407.0064      -0.2699       2.0000
       1.7500      -3.7500     927.0000      -0.0532     417.4039       0.1691       2.0000
       1.7500      -3.2500     912.0000       0.0842     444.1444      -0.1297       2.0000
       1.7500      -2.7500    1031.0000       0.0575     447.9925       0.0457       2.0000
       1.7500       2.7500     743.0000      -0.0791     468.0764       0.6354       2.0000
       1.7500       3.2500    1077.0000       0.0374     450.8545      -0.0280       2.0000
       1.7500       3.7500    1085.0000       0.0734     452.9680      -0.6576       2.0000
       1.7500       4.2500    1165.0000       0.0801     433.2307       0.0637       2.0000
       1.7500       4.7500    1711.0000       0.1302     439.8802       0.4202       2.0000
       1.7500       5.2500    1603.0000       0.2548     451.0091      -0.3724       2.0000
       2.2500      -5.2500    1197.0000      -0.0168     400.8754      -0.0132       2.0000
       2.2500      -4.7500    1641.0000      -0.1356     418.9947       0.0169       2.0000
       2.2500      -4.2500    1452.0000      -0.0245     410.0933       0.0216       2.0000
       2.2500      -3.7500     957.0000       0.0205     416.7987      -0.1253       2.0000
       2.2500      -3.2500     898.0000       0.1298     428.8950      -0.3118       2.0000
       2.2500      -2.7500     861.0000       0.0976     435.6071      -0.1538       2.0000
       2.2500      -2.2500     897.0000       0.1027     428.6206      -0.1562       2.0000
       2.2500       2.2500     855.0000      -0.0332     456.6594       0.1348       2.0000
       2.2500       2.7500     792.0000      -0.0134     443.0824       0.0631       2.0000
       2.2500       3.2500    1090.0000       0.0739     426.8412       0.2240       2.0000
       2.2500       3.7500    1016.0000       0.0467     420.6027      -0.3161       2.0000
       2.2500       4.2500    1191.0000       0.0939     460.2700      -0.0124       2.0000
       2.2500       4.7500    1936.0000       0.1637     440.8020      -0.3935       2.0000
       2.2500       5.2500    1202.0000       0.2834     446.2370      -0.3575       2.0000
       2.7500      -5.2500     497.0000      -0.0256     422.7934       0.1893       2.0000
       2.7500      -4.7500    1509.0000      -0.1100     406.3822       0.0784       2.0000
       2.7500      -4.2500    1491.0000      -0.1979     407.3035       0.1969       2.0000
       2.7500      -3.7500     967.0000       0.0495     405.8970      -0.4852       2.0000
       2.7500      -3.2500    1061.0000       0.1044     423.5097      -0.2812       2.0000
       2.7500      -2.7500     937.0000       0.1188     428.6830      -0.2533       2.0000
       2.7500      -2.2500    1030.0000       0.0648     431.2977      -0.4896       2.0000
       2.7500      -1.7500     883.0000       0.1138     420.6187      -0.2248       2.0000
       2.7500      -1.2500     816.0000       0.1296     421.2267      -0.0188       2.0000
       2.7500       1.2500     969.0000       0.0545     421.3027      -0.1183       2.0000
       2.7500       1.7500     965.0000       0.0078     430.9580      -0.0102       2.0000
       2.7500       2.2500     954.0000       0.0254     437.2779      -0.2516       2.0000
       2.7500       2.7500     998.0000       0.0089     435.9226       0.4350       2.0000
       2.7500       3.2500    1311.0000       0.0609     437.0759       0.0630       2.0000
       2.7500       3.7500    1264.0000       0.0252     439.3610      -0.2136       2.0000
       2.7500       4.2500    1453.0000       0.1711     431.9865      -0.5141       2.0000
       2.7500       4.7500    2464.0000       0.1868     442.0327      -0.0509       2.0000
       2.7500       5.2500     100.0000       0.2353     423.5010      -0.3287       2.0000
       3.2500      -4.7500    1063.0000      -0.0522     423.2380       0.5045       2.0000
       3.2500      -4.2500    1643.0000      -0.1995     405.2601      -0.5761       2.0000
       3.2500      -3.7500     857.0000      -0.0964     375.0097      -0.7495       2.0000
       3.2500      -3.2500     983.0000       0.0549     413.1351      -0.1182       2.0000
       3.2500      -2.7500     914.0000       0.0438     426.8179       0.5075       2.0000
       3.2500      -2.2500     888.0000       0.0516     424.0053      -0.0564       2.0000
       3.2500      -1.7500    1041.0000       0.0883     424.2720      -0.1391       2.0000
       3.2500      -1.2500     828.0000       0.0183     412.6851      -0.2884       2.0000
       3.2500      -0.7500     802.0000       0.0946     442.2360      -0.5297       2.0000
       3.2500      -0.2500     864.0000       0.1265     449.2186      -0.4034       2.0000
       3.2500       0.2500     861.0000       0.0992     417.2973      -0.9291       2.0000
       3.2500       0.7500     824.0000       0.0612     414.7733      -0.1393       2.0000
       3.2500       1.2500     792.0000       0.0343     425.0968      -0.2460       2.0000
       3.2500       1.7500     985.0000       0.0074     449.1021      -0.0533       2.0000
       3.2500       2.2500    1067.0000       0.0170     450.8084      -0.0661       2.0000
       3.2500       2.7500    1077.0000      -0.0081     430.4576       0.3583       2.0000
       3.2500       3.2500    1351.0000       0.0692     427.3640      -0.1894       2.0000
       3.2500       3.7500    1600.0000       0.1020     440.8847      -0.1102       2.0000
       3.2500       4.2500    2370.0000       0.1709     454.0034      -0.3460       2.0000
       3.2500       4.7500     652.0000       0.1881     425.1426      -0.8311       2.0000
       3.7500      -4.2500    1505.0000      -0.0816     410.6677       0.4386       2.0000
       3.7500      -3.7500    1443.0000      -0.1622     415.7080      -0.5480       2.0000
       3.7500      -3.2500     840.0000       0.0087     415.9708      -0.1981       2.0000
       3.7500      -2.7500     749.0000      -0.0040     439.1491       0.1461       2.0000
       3.7500      -2.2500     763.0000       0.0135     449.5837      -0.1468       2.0000
       3.7500      -1.7500     944.0000       0.0642     436.0846      -0.1575       2.0000
       3.7500      -1.2500    1082.0000       0.0555     422.0974      -0.6312       2.0000
       3.7500      -0.7500     868.0000       0.0467     435.6546      -0.2173       2.0000
       3.7500      -0.2500     841.0000       0.0800     428.4599      -0.8373       2.0000
       3.7500       0.2500     940.0000       0.0925     445.9198      -0.0584       2.0000
       3.7500       0.7500     813.0000       0.1264     411.6684      -0.4923       2.0000
       3.7500       1.2500     814.0000       0.0517     426.6647      -0.0699       2.0000
       3.7500       1.7500     912.0000      -0.0059     436.7024      -0.1647       2.0000
       3.7500       2.2500     933.0000       0.0617     457.1344      -0.4997       2.0000
       3.7500       2.7500    1278.0000       0.0087     437.6425       0.2477       2.0000
       3.7500       3.2500    1758.0000       0.0169     432.1692      -0.3183       2.0000
       3.7500       3.7500    2205.0000       0.1049     438.7708      -0.2732       2.0000
       3.7500       4.2500    1135.0000       0.1070     440.4157      -0.3879       2.0000
       4.2500      -3.7500    1360.0000      -0.1508     399.5794      -0.0375       2.0000
       4.2500      -3.2500    1499.0000      -0.0696     410.7830      -0.5817       2.0000
       4.2500      -2.7500    1126.0000      -0.0735     433.0937      -0.5545       2.0000
       4.2500      -2.2500     927.0000      -0.0043     446.2987      -0.2636       2.0000
       4.2500      -1.7500     904.0000       0.0341     444.8429      -0.1962       2.0000
       4.2500      -1.2500     999.0000      -0.0622     415.4346      -0.3899       2.0000
       4.2500      -0.7500    1130.0000       0.0418     411.6610      -0.3583       2.0000
       4.2500      -0.2500     996.0000       0.0537     431.7165      -0.1273       2.0000
       4.2500       0.2500     898.0000       0.0751     435.4392      -0.9844       2.0000
       4.2500       0.7500    1003.0000       0.0486     444.9614      -0.0823       2.0000
       4.2500       1.2500    1238.0000       0.0640     459.5208       0.1440       2.0000
       4.2500       1.7500    1274.0000       0.0136     447.5891      -0.1160       2.0000
       4.2500       2.2500    1687.0000       0.0194     435.8212      -0.2269       2.0000
       4.2500       2.7500    2705.0000       0.0337     431.3655      -0.2740       2.0000
       4.2500       3.2500    2065.0000       0.0736     443.2561      -0.2040       2.0000
       4.2500       3.7500    1038.0000       0.0670     465.5561      -0.3853       2.0000
       4.7500      -3.2500    1089.0000      -0.0934     399.0011      -0.0932       2.0000
       4.7500      -2.7500    1757.0000      -0.0745     401.1052      -0.2552       2.0000
       4.7500      -2.2500    1369.0000      -0.0992     421.1351       0.2575       2.0000
       4.7500      -1.7500    1262.0000      -0.0642     437.8536       0.4450       2.0000
       4.7500      -1.2500    1043.0000      -0.0203     442.0369       0.4377       2.0000
       4.7500      -0.7500    1164.0000      -0.0554     412.2806      -0.1269       2.0000
       4.7500      -0.2500    1404.0000       0.0262     415.3799      -0.4366       2.0000
       4.7500       0.2500    1502.0000      -0.0183     437.1688      -0.1927       2.0000
       4.7500       0.7500    2022.0000      -0.0044     441.0387      -0.3642       2.0000
       4.7500       1.2500    2526.0000      -0.0154     437.3140      -0.3617       2.0000
       4.7500       1.7500    2454.0000      -0.0259     439.9539      -0.0344       2.0000
       4.7500       2.2500    2141.0000      -0.0458     438.9495      -0.1298       2.0000
       4.7500       2.7500    1134.0000      -0.0394     431.7051       0.0480       2.0000
       4.7500       3.2500     592.0000       0.0567     482.5061       0.6912       2.0000
       5.2500      -2.7500     356.0000      -0.0699     411.9551       0.3522       2.0000
       5.2500      -2.2500    1215.0000      -0.0717     403.6597      -0.1629       2.0000
       5.2500      -1.7500    1620.0000      -0.0429     421.0099       0.0582       2.0000
       5.2500      -1.2500    1818.0000      -0.0802     445.5006       0.2939       2.0000
       5.2500      -0.7500    1640.0000      -0.0265     455.6807       0.3203       2.0000
       5.2500      -0.2500    1593.0000      -0.0911     446.3986       0.3654       2.0000
       5.2500       0.2500    1624.0000      -0.0678     443.7446       0.5129       2.0000
       5.2500       0.7500    1427.0000      -0.0883     456.7444      -0.0248       2.0000
       5.2500       1.2500     922.0000      -0.0034     473.6888       0.0092       2.0000
       5.2500       1.7500    1022.0000      -0.0121     491.1933      -0.2655       2.0000
       5.2500       2.2500     993.0000      -0.0302     467.3281       0.0942       2.0000
       5.2500       2.7500     315.0000      -0.0534     494.7387       1.1949       2.0000
       5.7500      -1.2500     412.0000      -0.0160     402.7027      -0.4964       2.0000
       5.7500      -0.7500     760.0000       0.0064     423.0670      -0.7454       2.0000
       5.7500      -0.2500     930.0000      -0.0104     431.3083      -0.3816       2.0000
       5.7500       0.2500    1139.0000      -0.0706     447.0232      -0.3053       2.0000
       5.7500       0.7500    1123.0000      -0.0466     442.9392      -0.1500       2.0000
       5.7500       1.2500     804.0000      -0.0645     431.8535      -0.2093       2.0000