      -5.7500      -1.2500      25.0000       0.9218     429.8200     -10.8896       6.0000
      -5.2500      -1.7500      27.0000       0.5028     457.4333      -1.5793       6.0000
      -5.2500      -1.2500      18.0000       1.0146     507.8944      -4.2478       6.0000
      -5.2500       0.7500      10.0000       0.1883     687.9700       2.7800       6.0000
      -5.2500       1.2500      42.0000       0.4451     631.3500       0.0850       6.0000
      -5.2500       1.7500      26.0000       0.2714     564.5885       0.6315       6.0000
      -5.2500       2.2500      30.0000       0.3062     501.7700      -5.5510       6.0000
      -4.7500      -3.2500      53.0000       0.3339     628.8736      -1.4400       6.0000
      -4.7500      -2.7500      25.0000       1.0062     582.4160      -3.6092       6.0000
      -4.7500      -2.2500      98.0000       0.6613     602.6888      -2.1166       6.0000
      -4.7500      -1.7500      44.0000       0.5236     556.8727       0.2032       6.0000
      -4.7500      -1.2500       8.0000       0.7831     641.9875      -0.7788       6.0000
      -4.7500       0.7500       1.0000       2.6330     583.6000      -1.7400       6.0000
      -4.7500       1.2500      21.0000       0.3325     546.3667      -3.2519       6.0000
      -4.7500       1.7500      24.0000       0.3856     576.7917      -0.7808       6.0000
      -4.7500       2.2500      24.0000       0.3974     568.1167       0.1146       6.0000
      -4.7500       2.7500       6.0000      -2.1892     615.3333      -7.0000       6.0000
      -4.2500      -3.7500      43.0000       0.4459     623.7465      -0.9307       6.0000
      -4.2500      -2.7500      46.0000       0.6714     614.4174      -2.4217       6.0000
      -4.2500      -2.2500      20.0000       0.4864     497.8250      11.2535       6.0000
      -4.2500      -1.7500       3.0000       4.9760     536.7000      -1.1533       6.0000
      -4.2500      -1.2500      17.0000       0.0600     623.1235      -4.7835       6.0000
      -4.2500      -0.7500       7.0000      -0.4838     600.1143      -4.5800       6.0000
      -4.2500       0.2500      17.0000       1.0302     512.5529      -6.6512       6.0000
      -4.2500       0.7500      26.0000       0.7541     466.7654     -14.6704       6.0000
      -4.2500       1.2500      70.0000       0.0585     635.6643      -2.8070       6.0000
      -4.2500       1.7500      41.0000       0.2321     514.9024      -3.9959       6.0000
      -4.2500       2.2500      12.0000       0.0694     531.8333      -2.0067       6.0000
      -4.2500       2.7500      46.0000       0.2004     586.3761      -2.3107       6.0000
      -4.2500       3.2500      57.0000       0.1260     567.5421      -4.2189       6.0000
      -3.7500      -2.7500      55.0000       0.5957     592.3327      -8.1164       6.0000
      -3.7500      -2.2500      12.0000       0.8129     548.1333      -3.7217       6.0000
      -3.7500      -0.2500      30.0000       0.5154     505.9067      -8.5820       6.0000
      -3.7500       0.2500      13.0000       0.7986     458.8231      -6.8331       6.0000
      -3.7500       0.7500      11.0000       0.6923     378.0454     -10.2327       6.0000
      -3.7500       1.2500      35.0000       0.1967     560.6343      -5.0960       6.0000
      -3.7500       1.7500      43.0000       1.1880     538.3209      -3.3156       6.0000
      -3.7500       2.2500      21.0000       0.6007     382.4714      -9.9110       6.0000
      -3.7500       2.7500      10.0000      -0.0248     489.8900      -5.1010       6.0000
      -3.7500       3.2500      62.0000       0.0639     474.0000      -7.3244       6.0000
      -3.7500       3.7500      84.0000       0.1549     545.4036      -5.7937       6.0000
      -3.7500       4.2500      21.0000       0.1905     604.8238       2.4186       6.0000
      -3.2500      -3.7500      16.0000       0.2753     391.9875      -0.7256       6.0000
      -3.2500      -3.2500      17.0000       0.7699     389.1588      -4.8765       6.0000
      -3.2500      -2.7500      58.0000       0.7823     556.6983      -4.2376       6.0000
      -3.2500      -2.2500      13.0000       1.1077     492.2923       0.1877       6.0000
      -3.2500      -0.7500      27.0000       0.8686     506.0556      -9.1585       6.0000
      -3.2500      -0.2500      21.0000       1.2839     420.5571     -11.5048       6.0000
      -3.2500       0.2500      15.0000       0.6039     395.9067     -10.5993       6.0000
      -3.2500       1.2500      20.0000       0.4688     640.3800      -5.0250       6.0000
      -3.2500       1.7500      43.0000       0.5263     596.3814      -3.0391       6.0000
      -3.2500       2.2500      37.0000       1.5556     575.6595       3.0043       6.0000
      -3.2500       2.7500      39.0000       0.5362     586.7795       3.0331       6.0000
      -3.2500       3.2500      78.0000       0.5850     530.8564      -6.7408       6.0000
      -3.2500       3.7500      35.0000       0.7279     453.9314     -13.4989       6.0000
      -3.2500       4.2500       8.0000       0.3092     432.3625      -7.6462       6.0000
      -3.2500       4.7500       6.0000       0.1209     600.1166       3.2900       6.0000
      -2.7500      -4.7500       7.0000      -0.0257     429.9857     -19.4543       6.0000
      -2.7500      -4.2500      16.0000       0.1205     431.0250     -11.4669       6.0000
      -2.7500      -3.7500       3.0000       0.4029     401.2667       1.1533       6.0000
      -2.7500      -3.2500      16.0000       0.8345     452.2188     -16.6844       6.0000
      -2.7500      -2.7500      46.0000       0.8397     655.0739      -4.2091       6.0000
      -2.7500      -2.2500      14.0000       1.0100     435.3929      -8.6771       6.0000
      -2.7500      -1.7500       9.0000       0.1820     378.3667     -16.0500       6.0000
      -2.7500      -1.2500      13.0000       0.7960     527.8077      -3.1285       6.0000
      -2.7500       1.2500      24.0000       0.3396     624.6000      -2.2850       6.0000
      -2.7500       1.7500      53.0000       0.8713     606.5245      -2.5898       6.0000
      -2.7500       2.2500      16.0000       1.3194     681.1687      -0.4213       6.0000
      -2.7500       2.7500      14.0000       0.6781     728.1714       2.6600       6.0000
      -2.7500       3.2500      40.0000       0.3756     561.1450      -3.6823       6.0000
      -2.7500       3.7500      53.0000       0.7653     533.3302     -11.2783       6.0000
      -2.7500       4.2500      44.0000       0.3513     454.5636      -9.2509       6.0000
      -2.7500       4.7500       6.0000       0.1398     601.3000       1.3883       6.0000
      -2.7500       5.2500       6.0000       0.1542     596.7333      -8.4450       6.0000
      -2.2500      -5.2500      24.0000       0.1564     554.4583      -9.2350       6.0000
      -2.2500      -4.7500      12.0000       0.4087     439.6667      -6.2675       6.0000
      -2.2500      -3.7500       5.0000       0.6831     375.9400     -14.5980       6.0000
      -2.2500      -3.2500      43.0000       0.6863     404.2977     -17.4940       6.0000
      -2.2500      -2.7500      60.0000       0.9716     578.6850      -7.1715       6.0000
      -2.2500      -2.2500      13.0000       0.0623     437.3692      -8.7615       6.0000
      -2.2500       2.2500      26.0000       0.9074     534.0077      -4.3827       6.0000
      -2.2500       2.7500      34.0000       0.9620     539.5882      -1.9318       6.0000
      -2.2500       3.2500      60.0000       0.7857     543.8250      -3.1680       6.0000
      -2.2500       3.7500      66.0000       0.9838     561.2121      -3.5173       6.0000
      -2.2500       4.2500      86.0000       0.3662     539.4802      -5.1313       6.0000
      -2.2500       4.7500       8.0000       0.1646     582.4375      -2.9275       6.0000
      -2.2500       5.2500       6.0000       0.1290     597.5667      -9.1250       6.0000
      -1.7500      -5.2500      42.0000       0.3481     578.8024      -8.6498       6.0000
      -1.7500      -3.7500       7.0000       0.1193     504.5286       0.4243       6.0000
      -1.7500      -3.2500      36.0000       0.7568     456.2361      -8.1297       6.0000
      -1.7500      -2.7500      79.0000       1.3597     510.1051      -5.3092       6.0000
      -1.7500       2.7500      13.0000       2.1258     393.4462     -18.9677       6.0000
      -1.7500       3.2500      39.0000       1.1286     490.2282     -12.8154       6.0000
      -1.7500       3.7500      28.0000       1.7087     439.3357     -13.5154       6.0000
      -1.7500       4.2500      36.0000       0.5681     444.9472      -5.0319       6.0000
      -1.7500       4.7500      51.0000       0.7309     603.2000      -3.2163       6.0000
      -1.7500       5.2500       4.0000       0.2398     609.3000     -10.9225       6.0000
      -1.2500      -5.2500      45.0000       0.4968     550.0511     -10.9124       6.0000
      -1.2500      -4.7500      15.0000       0.6535     547.7400      -7.2760       6.0000
      -1.2500      -4.2500      35.0000       0.8157     527.4829      -5.4326       6.0000
      -1.2500      -3.7500      16.0000      -0.3357     515.4188       3.2137       6.0000
      -1.2500      -2.7500      30.0000       1.6750     554.1167      -8.1030       6.0000
      -1.2500       2.7500      44.0000       1.1963     473.1114      -6.9536       6.0000
      -1.2500       3.2500      11.0000       0.7714     540.4182      -0.5373       6.0000
      -1.2500       3.7500      38.0000       1.4102     449.2342     -15.6061       6.0000
      -1.2500       4.2500      27.0000       0.8297     385.5407     -17.2685       6.0000
      -1.2500       4.7500      62.0000       1.0413     610.7774      -1.2747       6.0000
      -1.2500       5.2500       2.0000       0.1357     576.4500       9.1250       6.0000
      -0.7500      -5.2500      53.0000       0.3359     583.2151      -0.9183       6.0000
      -0.7500      -4.7500      40.0000       0.3619     546.0175      -5.7565       6.0000
      -0.7500      -4.2500      13.0000      -0.0234     519.7462      -3.6854       6.0000
      -0.7500      -3.2500      11.0000       0.5180     534.7636      16.8318       6.0000
      -0.7500       3.2500      71.0000       1.1945     446.9296      -5.5459       6.0000
      -0.7500       3.7500       5.0000       2.8467     675.8800       1.7800       6.0000
      -0.7500       4.2500      32.0000       0.4039     456.9125      -7.9341       6.0000
      -0.7500       4.7500      63.0000       0.8832     396.7238     -15.0549       6.0000
      -0.7500       5.2500      44.0000       1.1253     573.7705      -3.7530       6.0000
      -0.2500      -5.2500      72.0000       0.0830     593.1167       3.7865       6.0000
      -0.2500      -4.7500      20.0000      -0.0850     524.6050      -0.3550       6.0000
      -0.2500      -3.7500      12.0000       0.3139     509.0667      19.1342       6.0000
      -0.2500      -3.2500       9.0000       1.9546     517.5778       6.7033       6.0000
      -0.2500       3.2500      49.0000       1.9193     545.9388      -2.9418       6.0000
      -0.2500       3.7500      73.0000       1.1154     404.1110      -6.5681       6.0000
      -0.2500       4.2500      18.0000       2.2905     615.6111      -1.3444       6.0000
      -0.2500       4.7500      27.0000       0.8573     506.2778      -3.1141       6.0000
      -0.2500       5.2500      82.0000       0.7450     459.4695      -9.5110       6.0000
       0.2500      -5.7500      21.0000       0.0743     535.1429      -4.5024       6.0000
       0.2500      -5.2500      40.0000       0.3958     601.3775       5.1988       6.0000
       0.2500      -4.7500      24.0000       0.0885     579.0708       2.8217       6.0000
       0.2500      -4.2500      11.0000       0.3496     492.5545      17.1291       6.0000
       0.2500      -3.7500       3.0000       0.3756     505.4000      19.2333       6.0000
       0.2500      -3.2500       5.0000       3.3502     502.3400      -2.9940       6.0000
       0.2500       3.2500      20.0000       2.3912     461.2600      -6.3100       6.0000
       0.2500       3.7500      70.0000       1.8286     514.2757      -5.6407       6.0000
       0.2500       4.2500      45.0000       0.7453     431.7933      -6.4300       6.0000
       0.2500       4.7500      24.0000       1.2509     536.7375       1.4488       6.0000
       0.2500       5.2500      91.0000       0.9727     450.6626     -10.6027       6.0000
       0.2500       5.7500       4.0000       1.0646     602.0750      -0.8500       6.0000
       0.7500      -5.7500      27.0000       0.0047     559.4741      -3.5707       6.0000
       0.7500      -5.2500      22.0000       0.6398     559.9273      -5.5800       6.0000
       0.7500      -4.7500      20.0000       0.0381     678.3850      17.8570       6.0000
       0.7500      -4.2500       2.0000       0.1464     492.1000      16.4150       6.0000
       0.7500       3.2500      15.0000       2.2061     596.6667      -4.9553       6.0000
       0.7500       3.7500      29.0000       2.2391     668.4276      -2.5652       6.0000
       0.7500       4.2500     105.0000       0.6248     463.9229      -4.6782       6.0000
       0.7500       4.7500      37.0000       1.1910     526.7108      -5.7111       6.0000
       0.7500       5.2500     151.0000       0.9677     515.8119      -9.8037       6.0000
       0.7500       5.7500       1.0000       1.1099     604.5000       2.4200       6.0000
       1.2500      -5.7500      36.0000      -0.0368     557.0972      -2.3186       6.0000
       1.2500      -5.2500       6.0000       0.0077     573.7000      -4.5267       6.0000
       1.2500      -4.7500      15.0000       0.0912     491.4267      13.7587       6.0000
       1.2500      -2.7500       1.0000       0.2206     469.1000     -15.4300       6.0000
       1.2500       2.7500       4.0000       0.5927     473.0000      -7.3650       6.0000
       1.2500       3.2500       4.0000       1.8178     564.0000      -3.6550       6.0000
       1.2500       3.7500      30.0000       1.8291     473.1667      -4.3480       6.0000
       1.2500       4.2500     110.0000       0.8878     537.8891      -3.4109       6.0000
       1.2500       4.7500     139.0000       0.8970     492.5137      -6.0264       6.0000
       1.2500       5.2500      83.0000       0.7757     434.2458      -7.6800       6.0000
       1.7500      -5.2500      19.0000       0.1073     575.5895       1.4716       6.0000
       1.7500      -4.7500      19.0000       0.2324     516.2579       8.9821       6.0000
       1.7500      -4.2500      13.0000       0.3385     387.6385     -17.2254       6.0000
       1.7500      -3.7500      18.0000       0.3238     491.9222     -10.7639       6.0000
       1.7500      -3.2500       7.0000       1.0969     529.4714      -9.3229       6.0000
       1.7500       2.7500      42.0000       0.5155     616.3310      -1.4348       6.0000
       1.7500       3.2500      43.0000       0.9621     601.1023      -4.7019       6.0000
       1.7500       3.7500      51.0000       1.4358     549.9569      -7.2320       6.0000
       1.7500       4.2500      79.0000       0.9957     544.4911      -5.8314       6.0000
       1.7500       4.7500     148.0000       0.6568     422.1703      -6.8724       6.0000
       2.2500      -4.7500      22.0000      -0.4916     524.9091      -5.9755       6.0000
       2.2500      -3.7500      13.0000       0.7519     387.6385     -17.2454       6.0000
       2.2500      -3.2500      23.0000       0.6603     448.0826     -15.0017       6.0000
       2.2500      -2.7500      28.0000       0.8194     466.3107     -14.0393       6.0000
       2.2500      -2.2500      51.0000       0.5525     564.1176     -10.2129       6.0000
       2.2500       2.2500      37.0000       1.1218     485.5270      -7.9814       6.0000
       2.2500       2.7500      36.0000       0.8006     519.9945      -5.6056       6.0000
       2.2500       3.2500       9.0000       0.6429     460.2222      -4.7211       6.0000
       2.2500       3.7500      53.0000       1.3571     511.0359      -7.0921       6.0000
       2.2500       4.2500      77.0000       1.2638     525.9532      -7.7778       6.0000
       2.2500       4.7500     123.0000       0.5327     433.3610      -5.8799       6.0000
       2.7500      -4.7500      18.0000       0.0542     547.0556      -1.7917       6.0000
       2.7500      -4.2500       3.0000       0.1715     625.1000       4.0433       6.0000
       2.7500      -2.2500      41.0000       0.6726     583.4732      -8.2185       6.0000
       2.7500      -1.7500       9.0000       0.3841     585.2555      -4.8089       6.0000
       2.7500      -1.2500      31.0000       0.2165     553.9774      -6.7955       6.0000
       2.7500       1.2500      20.0000       0.5307     611.4850      -4.8640       6.0000
       2.7500       1.7500       3.0000       0.9909     641.4667      -6.5833       6.0000
       2.7500       2.2500      24.0000       1.9826     419.7125     -15.2213       6.0000
       2.7500       2.7500      30.0000       0.8886     573.1300      -5.9050       6.0000
       2.7500       3.2500       7.0000       0.6112     444.4143      -6.5129       6.0000
       2.7500       3.7500      40.0000       1.4020     533.3500      -6.4130       6.0000
       2.7500       4.2500     109.0000       0.8099     544.6394      -3.5834       6.0000
       2.7500       4.7500      94.0000       0.7467     468.5330      -8.4866       6.0000
       3.2500      -2.2500      29.0000       0.6344     522.6448      -8.7507       6.0000
       3.2500      -1.7500      42.0000       0.6678     535.1262      -8.4310       6.0000
       3.2500      -1.2500      43.0000       0.5664     482.5372      -7.9623       6.0000
       3.2500      -0.7500      47.0000       0.4556     585.5979      -2.4687       6.0000
       3.2500      -0.2500      30.0000       0.3038     526.0333       0.6080       6.0000
       3.2500       0.2500      64.0000       0.1179     468.3313      -3.0008       6.0000
       3.2500       0.7500      38.0000       0.2504     437.1500      -0.1718       6.0000
       3.2500       1.2500      28.0000       0.2229     445.5071       0.0829       6.0000
       3.2500       1.7500      15.0000       0.1690     471.7267      -1.9960       6.0000
       3.2500       2.2500      52.0000       1.8487     439.4096     -15.0173       6.0000
       3.2500       2.7500      19.0000       0.7745     596.3263      -1.8095       6.0000
       3.2500       3.2500       6.0000       1.7302     483.5500      -8.1350       6.0000
       3.2500       3.7500     104.0000       1.4283     521.9279     -10.1859       6.0000
       3.2500       4.2500     118.0000       1.3342     525.8737      -5.3920       6.0000
       3.2500       4.7500      45.0000       0.7787     483.2467      -0.6209       6.0000
       3.7500      -2.7500      14.0000       0.4334     367.2429      -9.7136       6.0000
       3.7500      -2.2500      12.0000       0.4842     459.2500      -9.0958       6.0000
       3.7500      -1.7500      26.0000       0.5545     551.9077      -8.1085       6.0000
       3.7500      -1.2500      30.0000       0.6323     579.7833      -3.6637       6.0000
       3.7500      -0.7500      15.0000       0.5730     487.8733      -5.1373       6.0000
       3.7500      -0.2500      56.0000       0.2642     601.5875      -2.9371       6.0000
       3.7500       0.2500      26.0000      -0.0363     595.0692      -2.2400       6.0000
       3.7500       0.7500      60.0000       0.2300     472.1133      -5.5902       6.0000
       3.7500       1.2500      68.0000       0.6952     463.4676      -5.9638       6.0000
       3.7500       1.7500      14.0000       1.2879     495.9071      -8.1236       6.0000
       3.7500       2.2500      54.0000       0.8720     463.5315     -13.5748       6.0000
       3.7500       2.7500      29.0000       1.0950     545.2897      -5.4479       6.0000
       3.7500       3.2500     140.0000       1.2644     524.0871      -8.1504       6.0000
       3.7500       3.7500     144.0000       1.0951     545.5771      -6.1016       6.0000
       3.7500       4.2500      64.0000       1.0170     475.7047      -0.1355       6.0000
       4.2500      -2.2500       1.0000       0.1206     472.1000       1.7900       6.0000
       4.2500      -1.7500      36.0000       0.7200     585.2472      -6.5433       6.0000
       4.2500      -1.2500      20.0000       0.4386     455.9250     -12.0565       6.0000
       4.2500      -0.7500      21.0000       0.5668     623.4714      -2.7824       6.0000
       4.2500       0.2500      45.0000       0.3860     649.5889      -3.6393       6.0000
       4.2500       0.7500      57.0000       0.5268     633.6860      -3.7602       6.0000
       4.2500       1.2500      34.0000       0.7850     592.6088      -1.1956       6.0000
       4.2500       1.7500      73.0000       1.3468     453.6548     -11.2649       6.0000
       4.2500       2.2500     151.0000       1.0060     542.1821      -7.6244       6.0000
       4.2500       2.7500     213.0000       1.3000     559.1822      -5.4258       6.0000
       4.2500       3.2500     108.0000       1.1043     523.7704      -2.3656       6.0000
       4.2500       3.7500      39.0000       1.2622     549.6846       0.4990       6.0000
       4.7500      -3.2500       6.0000      -0.5082     411.5500     -16.4733       6.0000
       4.7500      -2.7500       5.0000       0.0412     416.9200     -17.6020       6.0000
       4.7500      -2.2500      12.0000       0.3384     470.8750      -6.0783       6.0000
       4.7500      -1.7500      22.0000       0.4304     491.5227     -11.0064       6.0000
       4.7500      -1.2500      18.0000       1.1628     709.1056      -7.7028       6.0000
       4.7500      -0.7500       2.0000       0.7141     667.1000      -3.0700       6.0000
       4.7500       1.2500      34.0000       0.7740     610.0706      -4.3235       6.0000
       4.7500       1.7500      97.0000       0.4445     604.7165      -1.9020       6.0000
       4.7500       2.2500      56.0000       0.2977     599.4143      -0.7209       6.0000
       5.2500      -1.2500      13.0000       0.9129     700.7692      -9.7900       6.0000
       5.2500      -0.7500      37.0000       0.9994     658.2054      -4.1784       6.0000
       5.2500       1.2500      34.0000       0.8586     528.4765      -4.9424       6.0000
       5.2500       1.7500      46.0000       0.3618     554.6696       5.2030       6.0000
       5.7500      -0.7500      16.0000       0.6627     539.1000      -3.4231       6.0000
       5.7500      -0.2500     101.0000       0.4001     523.7188      -3.2091       6.0000
       5.7500       0.2500     114.0000       0.2204     534.5123      -3.6014       6.0000
       5.7500       0.7500      83.0000       0.7771     523.3952      -7.3596       6.0000
       5.7500       1.2500      49.0000       1.1765     526.6306      -5.8631       6.0000
      -5.2500      -2.7500       8.0000       1.3091     515.9750      -1.3425       6.0000
      -5.2500      -1.7500      31.0000       1.0013     632.0903      -1.7784       6.0000
      -5.2500      -1.2500       5.0000       2.0855     465.6600      -6.0920       6.0000
      -5.2500      -0.7500      11.0000       0.0060     472.1909     -12.6891       6.0000
      -5.2500       0.2500       2.0000       0.3720     422.4000      -7.0100       6.0000
      -5.2500       0.7500      10.0000       0.7040     515.4500     -11.0100       6.0000
      -5.2500       1.2500      16.0000       0.2197     535.7875     -10.0194       6.0000
      -5.2500       1.7500      47.0000       0.0483     534.3702      -5.7266       6.0000
      -5.2500       2.2500      11.0000       0.1965     546.4364      -6.0927       6.0000
      -4.7500      -3.2500      12.0000       0.7040     611.1167      -0.2500       6.0000
      -4.7500      -2.7500      33.0000       0.8200     586.7455      -0.1942       6.0000
      -4.7500      -2.2500      35.0000       0.7049     679.8457      -0.5754       6.0000
      -4.7500      -1.7500      41.0000       0.3644     563.7463       0.6763       6.0000
      -4.7500      -1.2500      22.0000       0.7530     470.5773      -6.1418       6.0000
      -4.7500       0.2500      17.0000       0.6970     432.6824      -9.0676       6.0000
      -4.7500       0.7500      50.0000       0.4534     556.8420     -11.0328       6.0000
      -4.7500       1.2500       3.0000       0.0288     379.8667     -14.3367       6.0000
      -4.7500       1.7500       2.0000       0.4750     651.0000       4.8950       6.0000
      -4.7500       2.2500      76.0000       0.2489     571.4513      -0.2378       6.0000
      -4.7500       2.7500      36.0000       0.3272     560.1194      -7.8386       6.0000
      -4.2500      -3.7500      51.0000       0.9858     605.5647      -1.7361       6.0000
      -4.2500      -3.2500      68.0000       1.0042     607.2529      -2.2250       6.0000
      -4.2500      -2.7500      21.0000       2.9799     604.1000      -7.6348       6.0000
      -4.2500      -2.2500      64.0000       1.3143     647.0328       0.3858       6.0000
      -4.2500      -1.7500      11.0000       0.7508     573.0091      -4.8064       6.0000
      -4.2500      -1.2500       8.0000       1.2061     550.8250      -2.9913       6.0000
      -4.2500      -0.7500       2.0000       0.3444     432.4500      -6.6150       6.0000
      -4.2500       0.7500      19.0000       1.8455     459.4211     -14.3811       6.0000
      -4.2500       1.2500      71.0000       0.2675     522.9732      -8.5630       6.0000
      -4.2500       1.7500      17.0000       0.7919     489.3118      -5.8035       6.0000
      -4.2500       2.2500      23.0000       0.1806     437.3870      -7.9748       6.0000
      -4.2500       2.7500      71.0000       0.1843     565.1718      -6.8458       6.0000
      -4.2500       3.2500      49.0000       0.3664     578.0939      -3.5184       6.0000
      -4.2500       3.7500       6.0000       0.3192     667.0667      -3.6533       6.0000
      -3.7500      -4.2500      43.0000       0.6265     607.0419      -3.0677       6.0000
      -3.7500      -3.7500      47.0000       0.9286     568.0575      -4.1617       6.0000
      -3.7500      -3.2500      46.0000       0.3400     595.6326      -1.7737       6.0000
      -3.7500      -2.7500       8.0000       1.1164     613.1250      -3.3662       6.0000
      -3.7500      -2.2500      13.0000       0.9786     654.9923       4.9238       6.0000
      -3.7500      -1.7500       4.0000       0.8763     554.2500      -3.6025       6.0000
      -3.7500      -1.2500       6.0000       0.9752     528.3000      -3.5533       6.0000
      -3.7500      -0.7500      17.0000       2.8077     436.0059      -4.6176       6.0000
      -3.7500      -0.2500       9.0000       2.4367     434.3889      -4.9944       6.0000
      -3.7500       0.2500      19.0000      -0.2375     425.7579     -17.8716       6.0000
      -3.7500       0.7500       1.0000       0.1412     375.0000     -10.6000       6.0000
      -3.7500       1.2500      30.0000       0.6148     551.7233      -6.6740       6.0000
      -3.7500       1.7500      48.0000       0.3837     412.8354     -13.5623       6.0000
      -3.7500       2.2500      26.0000       0.6741     451.6269     -10.3050       6.0000
      -3.7500       2.7500      34.0000       1.1277     506.9176      -6.0135       6.0000
      -3.7500       3.2500      36.0000      -0.0499     448.0750      -6.8528       6.0000
      -3.7500       3.7500      97.0000       0.3449     520.4907      -7.3901       6.0000
      -3.7500       4.2500      11.0000       1.6861     587.6182       3.0591       6.0000
      -3.2500      -4.7500      18.0000       0.6031     584.2500      -6.4678       6.0000
      -3.2500      -4.2500      31.0000       0.7837     569.5484      -6.1277       6.0000
      -3.2500      -3.7500       3.0000      -0.3268     474.6667     -11.4500       6.0000
      -3.2500      -3.2500      32.0000       0.5749     613.3469      -2.3056       6.0000
      -3.2500      -2.7500      24.0000       1.0758     712.3583      -3.3171       6.0000
      -3.2500      -2.2500      11.0000       0.4444     561.3364      -4.0091       6.0000
      -3.2500      -1.7500      12.0000       1.5044     554.6333      -5.9450       6.0000
      -3.2500      -1.2500      20.0000       1.3368     444.6700      -3.5515       6.0000
      -3.2500      -0.7500      23.0000       1.3266     477.4478      -8.8343       6.0000
      -3.2500      -0.2500      18.0000       1.2139     407.4833      -9.2356       6.0000
      -3.2500       0.2500      15.0000       1.6068     369.8200     -10.4227       6.0000
      -3.2500       0.7500       1.0000       2.2607     372.8000     -10.6100       6.0000
      -3.2500       1.2500      17.0000       0.7914     650.0706      -7.9741       6.0000
      -3.2500       1.7500      60.0000       0.6772     505.5983     -11.8557       6.0000
      -3.2500       2.2500       4.0000       0.6475     611.0250     -11.8300       6.0000
      -3.2500       3.2500      16.0000      -0.2103     568.8875       4.9650       6.0000
      -3.2500       3.7500      45.0000       0.3751     399.4089     -14.8044       6.0000
      -3.2500       4.2500      67.0000       0.2537     460.7194      -8.3339       6.0000
      -3.2500       4.7500      15.0000       0.8248     590.5400      -3.9927       6.0000
      -2.7500      -4.7500      26.0000       0.6319     620.9769      -4.3650       6.0000
      -2.7500      -4.2500      15.0000       0.8611     602.2200      -5.3860       6.0000
      -2.7500      -3.7500      12.0000      -0.2397     592.7167      -3.4058       6.0000
      -2.7500      -3.2500      52.0000       0.8711     599.0019      -3.3577       6.0000
      -2.7500      -2.7500      30.0000       0.5159     633.1800      -1.9170       6.0000
      -2.7500      -2.2500      31.0000       0.8086     471.1065      -9.3058       6.0000
      -2.7500      -1.7500      37.0000       0.7593     499.4459      -9.1992       6.0000
      -2.7500      -1.2500      32.0000       0.8562     510.1375      -5.7634       6.0000
      -2.7500       1.2500      14.0000       0.8072     553.8143      -7.2621       6.0000
      -2.7500       1.7500      59.0000       0.6251     507.6153     -10.0937       6.0000
      -2.7500       2.2500      30.0000       0.0298     563.1633      -5.2573       6.0000
      -2.7500       2.7500      26.0000      -0.0688     578.3577      -3.3904       6.0000
      -2.7500       3.2500      25.0000       0.2212     577.1920       0.2864       6.0000
      -2.7500       4.2500      48.0000       0.4335     389.8417     -14.5327       6.0000
      -2.7500       4.7500       9.0000       0.5864     586.5000      -7.6522       6.0000
      -2.2500      -4.7500      20.0000       1.2016     623.6250      -6.3510       6.0000
      -2.2500      -4.2500      33.0000       1.0566     619.0515      -2.4227       6.0000
      -2.2500      -3.7500       4.0000       1.4082     580.8250      -0.5625       6.0000
      -2.2500      -3.2500      71.0000       1.1286     546.8366      -4.2165       6.0000
      -2.2500      -2.7500      72.0000       1.4386     564.0361      -7.9008       6.0000
      -2.2500      -2.2500      43.0000       1.1046     564.9512      -5.3579       6.0000
      -2.2500       2.2500      43.0000       1.3452     535.2674      -6.3719       6.0000
      -2.2500       2.7500      45.0000       3.5674     573.8689      -3.1433       6.0000
      -2.2500       3.2500      47.0000       1.0309     573.5170      -0.3079       6.0000
      -2.2500       3.7500      32.0000       1.0911     554.1719      -3.0359       6.0000
      -2.2500       4.2500      27.0000       1.1788     408.9222     -14.1437       6.0000
      -2.2500       4.7500      24.0000       0.5857     499.7583      -8.4608       6.0000
      -1.7500      -5.2500       5.0000       0.1635     526.9800      -4.9900       6.0000
      -1.7500      -4.7500      23.0000       1.1916     597.8522      -2.9596       6.0000
      -1.7500      -4.2500      55.0000       0.8508     570.0436      -3.8055       6.0000
      -1.7500      -3.7500      49.0000       0.8744     605.3367      -1.9263       6.0000
      -1.7500      -3.2500       7.0000       0.4165     479.4000      -5.0829       6.0000
      -1.7500      -2.7500      30.0000       1.4378     553.6567      -7.7903       6.0000
      -1.7500       2.7500      20.0000       1.7921     543.3000      -4.9300       6.0000
      -1.7500       3.2500       6.0000       3.5835     558.4500       1.8867       6.0000
      -1.7500       3.7500      53.0000       0.8898     521.6566      -7.1887       6.0000
      -1.7500       4.2500      68.0000       0.6829     569.9176      -3.7946       6.0000
      -1.7500       4.7500      40.0000       0.3784     483.8900      -4.3280       6.0000
      -1.2500      -5.7500      25.0000       0.2002     535.1560      -3.8912       6.0000
      -1.2500      -5.2500      32.0000       0.5538     597.7937      -2.6353       6.0000
      -1.2500      -4.7500      60.0000       0.7388     570.1050      -3.1407       6.0000
      -1.2500      -3.7500      26.0000       1.0546     615.9385      -1.9227       6.0000
      -1.2500       2.7500      36.0000       1.5732     498.5889      -7.1586       6.0000
      -1.2500       3.2500      33.0000       1.4626     485.6485      -3.4709       6.0000
      -1.2500       3.7500      35.0000       0.5986     390.0686      -4.3209       6.0000
      -1.2500       4.2500      38.0000       0.2784     453.8447      -8.5689       6.0000
      -1.2500       4.7500       7.0000       0.9133     658.7000      -2.8529       6.0000
      -1.2500       5.2500      42.0000       0.7427     621.8762      -2.4724       6.0000
      -0.7500      -5.7500      31.0000       0.4054     534.3290      -9.6432       6.0000
      -0.7500      -5.2500      71.0000       0.6054     587.6845      -5.4330       6.0000
      -0.7500      -4.7500       8.0000       0.7621     598.1375      -2.4363       6.0000
      -0.7500      -4.2500      12.0000       0.7636     600.9417      -5.1125       6.0000
      -0.7500      -3.7500       6.0000       1.4448     617.2000      -1.8550       6.0000
      -0.7500      -3.2500      13.0000       1.2468     621.2385      -0.1223       6.0000
      -0.7500       3.2500      30.0000       1.3248     459.2100       8.7133       6.0000
      -0.7500       3.7500      19.0000       0.6132     471.8789      -2.8579       6.0000
      -0.7500       4.2500      29.0000       0.8171     411.1138      -8.1662       6.0000
      -0.7500       4.7500      10.0000       0.3326     648.5600      -0.8910       6.0000
      -0.7500       5.2500      26.0000       0.4114     610.2769      -6.9219       6.0000
      -0.7500       5.7500       4.0000       1.0064     605.2250      -1.2825       6.0000
      -0.2500      -5.7500      55.0000       0.1960     530.8000      -0.9222       6.0000
      -0.2500      -5.2500      19.0000       0.4754     634.7105      -7.7542       6.0000
      -0.2500      -4.2500      15.0000       0.8983     632.1600      -3.3693       6.0000
      -0.2500      -3.7500       2.0000       1.3481     643.7000       3.1900       6.0000
      -0.2500      -3.2500      17.0000       1.0374     628.5118       0.0882       6.0000
      -0.2500       3.2500      87.0000       1.9642     446.1575      -4.4800       6.0000
      -0.2500       3.7500      35.0000       1.6667     429.3400      -4.9020       6.0000
      -0.2500       4.2500      17.0000       1.4784     494.1000      -2.1829       6.0000
      -0.2500       4.7500      21.0000       0.5565     656.8762      -0.6552       6.0000
      -0.2500       5.2500      61.0000       0.3723     528.3902      -3.7567       6.0000
      -0.2500       5.7500       1.0000       0.7509     519.1000      -3.8800       6.0000
       0.2500      -5.7500      28.0000       0.1123     510.1536      -1.7607       6.0000
       0.2500      -5.2500      14.0000       0.8244     521.4714       4.8157       6.0000
       0.2500      -3.7500       6.0000       0.7922     637.3167       1.9217       6.0000
       0.2500      -3.2500      11.0000       1.0028     599.7000      -3.9500       6.0000
       0.2500       3.2500      56.0000       1.9977     503.4732      -6.1405       6.0000
       0.2500       3.7500     106.0000       1.5554     453.3406      -3.8891       6.0000
       0.2500       4.2500       9.0000       1.7860     521.6778      -3.2389       6.0000
       0.2500       4.7500      14.0000       1.5333     597.2786      -0.3579       6.0000
       0.2500       5.2500      64.0000       0.5832     494.7313       4.0503       6.0000
       0.2500       5.7500      12.0000       0.8026     488.0583      -2.3950       6.0000
       0.7500      -5.7500      54.0000       0.5370     540.6870      -2.5913       6.0000
       0.7500      -5.2500       6.0000       0.4778     521.3000      -2.0350       6.0000
       0.7500      -4.7500      22.0000       0.1291     515.3182      -6.9145       6.0000
       0.7500      -4.2500       2.0000      -0.6183     701.9000      20.7950       6.0000
       0.7500      -3.7500      15.0000       0.9683     616.7600      -6.6507       6.0000
       0.7500      -3.2500      12.0000       0.5473     577.1417      -0.5792       6.0000
       0.7500       3.2500      53.0000       2.5050     523.5019      -9.1526       6.0000
       0.7500       3.7500      64.0000       1.9529     477.0359      -6.7764       6.0000
       0.7500       4.2500      77.0000       1.1253     484.8844      -3.3597       6.0000
       0.7500       4.7500      24.0000       0.9327     483.1750      -4.6475       6.0000
       0.7500       5.2500       2.0000       0.0304     451.5000      -3.8000       6.0000
       0.7500       5.7500      27.0000       0.7795     490.3037      -4.6552       6.0000
       1.2500      -5.7500      24.0000       0.5086     521.9417      -4.8375       6.0000
       1.2500      -5.2500      39.0000       0.2977     456.6410      -7.2490       6.0000
       1.2500      -4.7500       4.0000      -0.0983     461.2500      -8.5725       6.0000
       1.2500      -4.2500      17.0000       0.6778     601.9706       4.8429       6.0000
       1.2500      -3.7500      26.0000       0.6699     669.3000       9.3927       6.0000
       1.2500      -3.2500      16.0000       0.7395     554.9312       6.2269       6.0000
       1.2500      -2.7500      44.0000       0.8039     418.7636      -7.8266       6.0000
       1.2500       2.7500       4.0000       1.4088     579.2750      -7.1950       6.0000
       1.2500       3.2500      46.0000       2.0423     561.7000     -10.6667       6.0000
       1.2500       3.7500      57.0000       2.8818     538.1246      -4.1611       6.0000
       1.2500       4.2500     124.0000       1.0532     436.7468      -5.0220       6.0000
       1.2500       4.7500      51.0000       1.2364     472.0373      -6.4767       6.0000
       1.2500       5.2500      19.0000       0.6682     452.0789      -5.8600       6.0000
       1.2500       5.7500      27.0000       1.0665     496.5815      -5.0159       6.0000
       1.7500      -5.2500      50.0000       0.2852     510.3320      -8.2438       6.0000
       1.7500      -4.7500      61.0000       0.1101     458.0541      -3.2103       6.0000
       1.7500      -4.2500      12.0000      -0.1419     603.6000      -0.0642       6.0000
       1.7500      -3.7500      14.0000       0.1900     647.9857      -3.4693       6.0000
       1.7500      -3.2500       9.0000       0.1393     696.2667      15.2789       6.0000
       1.7500      -2.7500      38.0000       0.4130     576.1342      -0.1637       6.0000
       1.7500       2.7500      20.0000       0.2012     583.7350      -9.3830       6.0000
       1.7500       3.2500      54.0000       1.8301     613.1296      -8.4015       6.0000
       1.7500       3.7500      65.0000       1.7041     570.6323      -6.3518       6.0000
       1.7500       4.2500      81.0000       1.2351     485.7148      -7.8388       6.0000
       1.7500       4.7500     130.0000       0.8948     444.8377      -3.8447       6.0000
       1.7500       5.2500      12.0000       1.0715     504.6917      -4.2375       6.0000
       2.2500      -5.2500      33.0000       0.1001     431.2818      -6.6567       6.0000
       2.2500      -4.7500      94.0000       0.2778     476.4830      -5.4477       6.0000
       2.2500      -4.2500      53.0000       0.0491     524.4283      -1.6743       6.0000
       2.2500      -3.7500      19.0000      -0.1053     611.3579      -1.9974       6.0000
       2.2500      -3.2500      16.0000       0.7514     397.6000     -17.0488       6.0000
       2.2500      -2.7500      56.0000       0.4711     469.4000     -11.0271       6.0000
       2.2500      -2.2500      31.0000       0.1660     492.2355      -6.2958       6.0000
       2.2500       2.2500      58.0000       0.9090     523.4776      -7.9717       6.0000
       2.2500       2.7500      29.0000       0.4058     563.6379       1.3110       6.0000
       2.2500       3.2500      24.0000       1.9116     625.8750      -8.3279       6.0000
       2.2500       3.7500      48.0000       1.9811     501.4562      -7.7825       6.0000
       2.2500       4.2500      82.0000       1.0603     457.8390      -9.4854       6.0000
       2.2500       4.7500     134.0000       0.8157     428.3776      -6.8570       6.0000
       2.7500      -5.2500      27.0000       0.2086     438.2556      -6.4600       6.0000
       2.7500      -4.7500      43.0000       0.2630     429.8767      -8.5119       6.0000
       2.7500      -4.2500      44.0000       0.0104     423.7136      -3.8880       6.0000
       2.7500      -3.7500      66.0000      -0.0798     526.1667      -2.8408       6.0000
       2.7500      -3.2500      44.0000      -0.1066     521.2386      -4.4411       6.0000
       2.7500      -2.7500      78.0000       0.3855     480.5987      -7.6213       6.0000
       2.7500      -2.2500      42.0000      -0.0416     493.0881      -3.9500       6.0000
       2.7500      -1.7500      43.0000       0.1916     535.8116      -7.3160       6.0000
       2.7500      -1.2500      45.0000       0.3528     484.0489      -8.9993       6.0000
       2.7500       1.2500      17.0000       0.4322     581.6235      -4.7065       6.0000
       2.7500       1.7500      38.0000       0.3503     591.5658      -5.7621       6.0000
       2.7500       2.2500      61.0000       0.8105     514.8098      -9.9756       6.0000
       2.7500       2.7500      41.0000       0.0358     564.4341       1.5661       6.0000
       2.7500       3.2500      42.0000       1.9253     568.1357     -11.7155       6.0000
       2.7500       3.7500      75.0000       1.4057     486.7520     -10.8780       6.0000
       2.7500       4.2500     117.0000       0.8944     439.3068      -9.3946       6.0000
       2.7500       4.7500      98.0000       0.8762     442.0796      -4.0500       6.0000
       3.2500      -4.7500      60.0000       0.2406     450.7467      -7.6015       6.0000
       3.2500      -4.2500      28.0000       0.3463     380.0750      -9.8518       6.0000
       3.2500      -3.7500      33.0000       0.0245     441.8939      -3.3948       6.0000
       3.2500      -3.2500      14.0000      -0.0885     427.5571      -4.1721       6.0000
       3.2500      -2.7500      65.0000       0.2865     521.9477      -7.9897       6.0000
       3.2500      -2.2500      61.0000       0.0781     500.2344      -7.0333       6.0000
       3.2500      -1.7500      31.0000       0.3379     490.5194      -8.9855       6.0000
       3.2500      -1.2500       7.0000       0.4000     493.3714     -10.4029       6.0000
       3.2500      -0.7500       9.0000      -0.2257     660.6111       7.6433       6.0000
       3.2500      -0.2500      41.0000       0.0406     524.1512       1.8200       6.0000
       3.2500       0.2500      48.0000       0.0100     537.4708      -4.2781       6.0000
       3.2500       0.7500      13.0000       0.9429     600.6154      -1.9831       6.0000
       3.2500       1.2500      21.0000       0.2626     416.8048     -10.3171       6.0000
       3.2500       1.7500      59.0000       0.4726     509.2746      -9.3983       6.0000
       3.2500       2.2500      83.0000       0.5874     491.6506     -10.2216       6.0000
       3.2500       2.7500      28.0000       1.5273     453.7964     -13.0161       6.0000
       3.2500       3.2500      74.0000       1.7788     574.9432     -11.0466       6.0000
       3.2500       3.7500      50.0000       0.7976     633.0400      -2.9548       6.0000
       3.2500       4.2500     182.0000       1.1662     449.1044      -9.0784       6.0000
       3.2500       4.7500      26.0000       1.3857     492.2808      -4.2385       6.0000
       3.7500      -4.2500      55.0000       0.6308     465.9636      -9.6931       6.0000
       3.7500      -3.7500      40.0000       0.0816     534.6900      -6.7012       6.0000
       3.7500      -3.2500       4.0000       0.5133     358.0000      -7.5050       6.0000
       3.7500      -2.7500      42.0000       0.1665     532.8000      -5.9264       6.0000
       3.7500      -2.2500      48.0000       0.0538     485.8729      -7.0296       6.0000
       3.7500      -1.7500      12.0000      -0.1794     476.2167       9.7150       6.0000
       3.7500      -1.2500      11.0000       0.1023     524.6909       1.6845       6.0000
       3.7500      -0.7500      22.0000      -0.2279     575.2455      -2.4618       6.0000
       3.7500      -0.2500      15.0000      -0.2755     755.9400      -1.3167       6.0000
       3.7500       0.2500      45.0000       0.1379     560.4400      -1.4089       6.0000
       3.7500       0.7500      80.0000       0.0983     518.2837      -3.7690       6.0000
       3.7500       1.2500      13.0000       0.0048     535.9154      -5.7285       6.0000
       3.7500       1.7500      78.0000       0.6348     546.7051      -9.3127       6.0000
       3.7500       2.2500      76.0000       0.4839     500.1434      -5.5153       6.0000
       3.7500       2.7500      37.0000       1.1384     565.2324     -10.0673       6.0000
       3.7500       3.2500     128.0000       0.9054     583.8273      -6.2666       6.0000
       3.7500       3.7500     184.0000       0.9012     455.6620      -8.3978       6.0000
       3.7500       4.2500      97.0000       0.9085     462.3732      -8.4767       6.0000
       4.2500      -3.7500      63.0000       0.2812     534.1000      -7.0259       6.0000
       4.2500      -3.2500      77.0000       0.3446     549.3091      -4.5810       6.0000
       4.2500      -2.7500      64.0000       0.2077     504.1656       4.1450       6.0000
       4.2500      -2.2500      88.0000       0.2364     478.6886      -5.4893       6.0000
       4.2500      -1.7500      40.0000       0.1831     495.7750      -4.6793       6.0000
       4.2500      -1.2500      24.0000       0.1940     651.8208      -4.7979       6.0000
       4.2500      -0.7500       8.0000       0.2001     602.3500      -0.1525       6.0000
       4.2500      -0.2500      30.0000       0.3062     656.9067      -4.9967       6.0000
       4.2500       0.2500      22.0000       0.3045     752.6364      -3.5100       6.0000
       4.2500       0.7500       2.0000       0.4042     617.9500      -0.5950       6.0000
       4.2500       1.2500     141.0000       0.7459     538.3752      -6.3032       6.0000
       4.2500       1.7500     170.0000       0.7787     514.5565      -8.7146       6.0000
       4.2500       2.2500     166.0000       0.9175     526.5458      -6.9142       6.0000
       4.2500       2.7500     235.0000       0.9816     554.7323      -5.6140       6.0000
       4.2500       3.2500     154.0000       1.0617     524.7623      -2.6649       6.0000
       4.2500       3.7500      65.0000       1.1102     488.5846      -0.7060       6.0000
       4.7500      -3.2500      37.0000      -0.0253     587.8946      -4.7462       6.0000
       4.7500      -2.7500      73.0000      -0.3112     561.3384       1.6440       6.0000
       4.7500      -2.2500      58.0000      -0.1223     547.1000      -3.4003       6.0000
       4.7500      -1.7500      73.0000       0.1044     555.6493      -7.1026       6.0000
       4.7500      -1.2500      47.0000       0.4608     589.0702      -8.1049       6.0000
       4.7500      -0.7500      31.0000       0.2207     672.5677      -5.1555       6.0000
       4.7500      -0.2500       5.0000      -0.0850     393.1000      13.7440       6.0000
       4.7500       0.2500       4.0000       2.3958     609.0500      -5.6950       6.0000
       4.7500       0.7500      40.0000       0.9083     610.8000      -8.4067       6.0000
       4.7500       1.2500     136.0000       0.6712     558.6301      -9.8342       6.0000
       4.7500       1.7500     128.0000       0.5608     587.2406      -3.7552       6.0000
       4.7500       2.2500     131.0000       0.6230     608.9145      -4.3884       6.0000
       4.7500       2.7500      15.0000       1.0082     570.9000      -4.4767       6.0000
       5.2500      -2.2500      37.0000       0.3023     492.6838      -2.2003       6.0000
       5.2500      -1.7500      51.0000       0.0996     489.6176      -8.0102       6.0000
       5.2500      -1.2500      66.0000       0.6976     480.3152     -10.5947       6.0000
       5.2500      -0.7500      89.0000       0.3456     521.0663      -4.8921       6.0000
       5.2500      -0.2500      74.0000       0.4576     550.1865      -3.8701       6.0000
       5.2500       0.2500      71.0000       0.4787     471.9901      -2.7754       6.0000
       5.2500       0.7500     110.0000       0.3106     544.3100      -5.4373       6.0000
       5.2500       1.2500      57.0000       0.7078     503.5614      -3.0349       6.0000
       5.2500       1.7500      48.0000       0.6749     496.1875      -6.2994       6.0000
       5.7500      -1.2500      29.0000       0.9181     627.0379      -5.6969       6.0000
       5.7500      -0.7500      28.0000       1.1079     665.8464      -7.9829       6.0000
       5.7500      -0.2500      41.0000       1.1472     689.6342      -6.4424       6.0000
       5.7500       0.2500      70.0000       0.7084     684.8100      -4.5571       6.0000
       5.7500       0.7500      70.0000       0.8681     627.9614      -4.3816       6.0000
       5.7500       1.2500      47.0000       0.6619     544.3298      -3.1921       6.0000