      -5.7500      -1.2500     144.0000       0.2823     537.4146      -3.9408       4.0000
      -5.7500      -0.7500      54.0000       0.3207     569.9241      -0.7507       4.0000
      -5.7500      -0.2500      22.0000       0.2908     610.8136      -2.2759       4.0000
      -5.7500       0.2500      24.0000       0.2244     582.2458      -3.2467       4.0000
      -5.7500       0.7500      47.0000       0.1600     556.9277      -0.2577       4.0000
      -5.7500       1.2500     115.0000       0.4670     494.6078      -2.4888       4.0000
      -5.2500      -2.7500     184.0000       0.6860     560.2614       0.6582       4.0000
      -5.2500      -2.2500     396.0000       0.3485     557.5078       0.6144       4.0000
      -5.2500      -1.7500     543.0000       0.4268     537.6978      -1.4608       4.0000
      -5.2500      -1.2500     351.0000       0.3901     555.5439       0.1422       4.0000
      -5.2500      -0.7500     191.0000       0.2437     544.6319      -1.3756       4.0000
      -5.2500      -0.2500     275.0000       0.1788     525.4938      -1.2130       4.0000
      -5.2500       0.2500     320.0000       0.3601     514.0850      -3.0958       4.0000
      -5.2500       0.7500     278.0000       0.2257     478.0115      -2.2180       4.0000
      -5.2500       1.2500     360.0000       0.3534     537.7644      -1.9951       4.0000
      -5.2500       1.7500     342.0000       0.2802     529.1933      -1.9994       4.0000
      -5.2500       2.2500     157.0000       0.2590     525.4229      -1.1527       4.0000
      -5.2500       2.7500       1.0000       0.2609     419.3000       1.2700       4.0000
      -4.7500      -3.2500     430.0000       0.4257     566.6067      -1.3008       4.0000
      -4.7500      -2.7500     332.0000       0.2735     566.4036       0.4258       4.0000
      -4.7500      -2.2500     601.0000       0.1307     547.5358      -1.8174       4.0000
      -4.7500      -1.7500     535.0000       0.1781     551.4314      -0.7945       4.0000
      -4.7500      -1.2500     607.0000       0.1508     514.5282      -0.7737       4.0000
      -4.7500      -0.7500     498.0000       0.1531     508.9586      -0.8192       4.0000
      -4.7500      -0.2500     385.0000       0.2108     516.5070      -2.5014       4.0000
      -4.7500       0.2500     209.0000       0.2625     521.5077      -2.9119       4.0000
      -4.7500       0.7500     183.0000       0.0952     546.0552      -0.9399       4.0000
      -4.7500       1.2500     371.0000       0.2179     510.7081      -0.7109       4.0000
      -4.7500       1.7500     375.0000       0.3429     514.7496       1.1353       4.0000
      -4.7500       2.2500     474.0000       0.3250     555.3842      -0.7085       4.0000
      -4.7500       2.7500     496.0000       0.3274     565.6173      -0.9283       4.0000
      -4.7500       3.2500      99.0000       0.3310     472.6000      -0.6904       4.0000
      -4.2500      -3.7500     517.0000       0.3327     548.2143      -0.5479       4.0000
      -4.2500      -3.2500     496.0000       0.2882     560.3921       0.1983       4.0000
      -4.2500      -2.7500     639.0000       0.1920     562.3631      -0.9813       4.0000
      -4.2500      -2.2500     333.0000       0.3727     508.8156      -1.1938       4.0000
      -4.2500      -1.7500     329.0000       0.4067     514.8201      -0.8530       4.0000
      -4.2500      -1.2500     268.0000       0.3679     529.3899      -2.2613       4.0000
      -4.2500      -0.7500     171.0000       0.2643     513.9082      -2.9303       4.0000
      -4.2500      -0.2500      86.0000       0.1625     529.9012      -2.1555       4.0000
      -4.2500       0.2500     199.0000       0.2730     542.5819      -0.7731       4.0000
      -4.2500       0.7500     294.0000       0.1441     533.0514      -0.6263       4.0000
      -4.2500       1.2500     236.0000       0.2554     485.7267      -2.4463       4.0000
      -4.2500       1.7500     212.0000       0.2665     543.1877      -2.3837       4.0000
      -4.2500       2.2500     264.0000       0.2029     536.3288      -1.9887       4.0000
      -4.2500       2.7500     286.0000       0.2588     513.2843      -2.6138       4.0000
      -4.2500       3.2500     357.0000       0.2356     600.5258      -1.7781       4.0000
      -4.2500       3.7500     120.0000       0.3488     533.8067      -1.2842       4.0000
      -3.7500      -4.2500     396.0000       0.3126     509.7543      -1.5402       4.0000
      -3.7500      -3.7500     389.0000       0.3567     564.5069      -1.3578       4.0000
      -3.7500      -3.2500     384.0000       0.1101     568.9638       0.4530       4.0000
      -3.7500      -2.7500     303.0000       0.3190     512.7185      -1.2850       4.0000
      -3.7500      -2.2500     238.0000       0.5184     516.0945      -0.6645       4.0000
      -3.7500      -1.7500     197.0000       0.3974     445.1472      -1.9024       4.0000
      -3.7500      -1.2500     260.0000       0.5722     527.7462      -0.8562       4.0000
      -3.7500      -0.7500      71.0000       0.4465     528.3718      -4.2094       4.0000
      -3.7500      -0.2500     147.0000       0.0233     525.1755      -0.3481       4.0000
      -3.7500       0.2500     119.0000       0.0876     562.5219      -0.6340       4.0000
      -3.7500       0.7500     179.0000       0.1670     511.1922      -3.6121       4.0000
      -3.7500       1.2500     352.0000       0.2556     462.7168      -4.3929       4.0000
      -3.7500       1.7500     346.0000       0.3663     462.7332      -4.4257       4.0000
      -3.7500       2.2500     268.0000       0.4343     433.4933      -5.1113       4.0000
      -3.7500       2.7500     346.0000       0.4970     467.7376      -4.4505       4.0000
      -3.7500       3.2500     429.0000       0.3952     521.4620      -2.6690       4.0000
      -3.7500       3.7500     260.0000       0.3686     524.1073      -1.3765       4.0000
      -3.7500       4.2500      85.0000       0.2852     580.0400      -0.8082       4.0000
      -3.2500      -4.7500     182.0000       0.1883     526.2676      -2.2302       4.0000
      -3.2500      -4.2500     327.0000       0.3117     523.2777      -0.4356       4.0000
      -3.2500      -3.7500     336.0000       0.3630     562.3631      -0.1581       4.0000
      -3.2500      -3.2500     195.0000       0.1821     562.7959      -0.5351       4.0000
      -3.2500      -2.7500     237.0000       0.4252     489.0831      -1.7990       4.0000
      -3.2500      -2.2500     175.0000       0.5727     499.0149      -2.0611       4.0000
      -3.2500      -1.7500     137.0000       0.4431     497.0781      -1.3155       4.0000
      -3.2500      -1.2500      76.0000       0.1800     501.7711      -0.3974       4.0000
      -3.2500      -0.7500     102.0000      -0.1120     525.2882      -0.6356       4.0000
      -3.2500      -0.2500     146.0000       0.0209     498.0692      -2.4653       4.0000
      -3.2500       0.2500     172.0000      -0.2370     451.0012      -4.1151       4.0000
      -3.2500       0.7500     186.0000       0.1823     475.0790      -3.5040       4.0000
      -3.2500       1.2500     275.0000       0.2675     529.2411      -2.4730       4.0000
      -3.2500       1.7500     309.0000       0.4015     529.0680      -1.9275       4.0000
      -3.2500       2.2500     270.0000       0.5168     604.6315      -0.3133       4.0000
      -3.2500       2.7500     302.0000       0.7699     587.8096      -0.3611       4.0000
      -3.2500       3.2500     419.0000       0.6365     558.1014      -2.2206       4.0000
      -3.2500       3.7500     559.0000       0.3185     473.8199      -4.3065       4.0000
      -3.2500       4.2500     165.0000       0.2125     491.6485      -2.3656       4.0000
      -3.2500       4.7500      19.0000       0.2247     659.5684       2.7768       4.0000
      -2.7500      -5.2500      35.0000       0.2599     581.5943      -1.8694       4.0000
      -2.7500      -4.7500     348.0000       0.3351     502.5991      -1.8391       4.0000
      -2.7500      -4.2500     249.0000       0.3728     524.3402      -0.3819       4.0000
      -2.7500      -3.7500     244.0000       0.5629     563.6279      -1.1452       4.0000
      -2.7500      -3.2500     170.0000       0.5412     490.8535      -1.4701       4.0000
      -2.7500      -2.7500     212.0000       0.5952     467.0962      -2.2597       4.0000
      -2.7500      -2.2500     113.0000       0.4206     458.2442      -3.6746       4.0000
      -2.7500      -1.7500     213.0000       0.1052     493.8366      -1.4069       4.0000
      -2.7500      -1.2500     174.0000       0.0475     541.7713      -3.0548       4.0000
      -2.7500       1.2500     199.0000       0.3380     529.5447      -1.8849       4.0000
      -2.7500       1.7500     219.0000       0.4605     491.3320      -1.7345       4.0000
      -2.7500       2.2500     196.0000       0.4327     538.2806      -0.9669       4.0000
      -2.7500       2.7500     192.0000       0.5309     531.7719       0.0452       4.0000
      -2.7500       3.2500     251.0000       0.9327     556.1139      -1.0428       4.0000
      -2.7500       3.7500     450.0000       0.6868     571.7753      -0.9246       4.0000
      -2.7500       4.2500     695.0000       0.5115     490.4137      -3.4655       4.0000
      -2.7500       4.7500      22.0000       0.5505     636.2773       1.8773       4.0000
      -2.7500       5.2500      17.0000       0.2809     654.5235       3.6376       4.0000
      -2.2500      -5.2500     171.0000       0.2233     527.0977      -1.2387       4.0000
      -2.2500      -4.7500     208.0000       0.3213     465.3313      -1.9729       4.0000
      -2.2500      -4.2500     226.0000       0.4786     501.6062      -0.7003       4.0000
      -2.2500      -3.7500     239.0000       0.4788     508.3653      -2.1335       4.0000
      -2.2500      -3.2500     205.0000       0.3910     469.5683      -0.9840       4.0000
      -2.2500      -2.7500     152.0000       0.3406     448.9664      -0.9286       4.0000
      -2.2500      -2.2500     205.0000      -0.0384     455.1312      -1.8319       4.0000
      -2.2500       2.2500     206.0000       0.4793     484.0087      -1.8635       4.0000
      -2.2500       2.7500     210.0000       0.6430     494.6019       0.5373       4.0000
      -2.2500       3.2500     207.0000       0.6535     513.8850       0.4998       4.0000
      -2.2500       3.7500     252.0000       0.5986     521.4905      -1.5143       4.0000
      -2.2500       4.2500     791.0000       0.6395     510.9115      -2.4483       4.0000
      -2.2500       4.7500     266.0000       0.6318     507.1962      -3.1622       4.0000
      -2.2500       5.2500      85.0000       0.5705     632.2553       2.2011       4.0000
      -1.7500      -5.2500     277.0000       0.1300     518.7350       0.4568       4.0000
      -1.7500      -4.7500     187.0000       0.2700     472.7850      -2.7424       4.0000
      -1.7500      -4.2500     214.0000       0.3176     520.8645      -0.2303       4.0000
      -1.7500      -3.7500      86.0000       0.4485     540.1826      -3.0201       4.0000
      -1.7500      -3.2500     166.0000       0.5306     475.1639      -0.4052       4.0000
      -1.7500      -2.7500     154.0000       0.1624     502.2318      -0.1995       4.0000
      -1.7500       2.7500     242.0000       0.7133     524.9219      -0.7581       4.0000
      -1.7500       3.2500     264.0000       0.9199     523.2875      -1.0140       4.0000
      -1.7500       3.7500     317.0000       1.0669     533.9133      -1.7359       4.0000
      -1.7500       4.2500     232.0000       0.8912     520.2996      -2.4123       4.0000
      -1.7500       4.7500     742.0000       0.5839     487.8275      -3.0871       4.0000
      -1.7500       5.2500     180.0000       0.6775     563.9772      -0.5772       4.0000
      -1.2500      -5.7500      16.0000       0.2365     448.2750      -5.6850       4.0000
      -1.2500      -5.2500     261.0000       0.1994     514.1157      -0.1216       4.0000
      -1.2500      -4.7500     149.0000       0.3628     473.2161      -2.7936       4.0000
      -1.2500      -4.2500     130.0000       0.4462     518.8600      -3.1119       4.0000
      -1.2500      -3.7500     155.0000       0.2591     528.7865      -1.3782       4.0000
      -1.2500      -3.2500     143.0000       0.4369     487.4140      -1.2129       4.0000
      -1.2500      -2.7500     160.0000       0.1897     488.6669      -2.1156       4.0000
      -1.2500       2.7500     294.0000       0.6048     507.9207      -0.7161       4.0000
      -1.2500       3.2500     221.0000       0.8541     538.7602       0.3807       4.0000
      -1.2500       3.7500     191.0000       0.6443     509.6173      -1.5151       4.0000
      -1.2500       4.2500     314.0000       0.8951     489.4000      -3.0254       4.0000
      -1.2500       4.7500     797.0000       0.7720     508.5341      -2.9614       4.0000
      -1.2500       5.2500     102.0000       0.6555     523.2343      -1.5255       4.0000
      -1.2500       5.7500     134.0000       0.9832     548.7418       1.6844       4.0000
      -0.7500      -5.7500      72.0000       0.2063     446.9958      -5.4564       4.0000
      -0.7500      -5.2500     223.0000       0.1016     483.5135      -0.0020       4.0000
      -0.7500      -4.7500     148.0000       0.2522     473.6628      -2.8731       4.0000
      -0.7500      -4.2500     157.0000       0.4061     476.6516      -2.8499       4.0000
      -0.7500      -3.7500     161.0000       0.5900     516.7031      -2.6583       4.0000
      -0.7500      -3.2500     141.0000       0.3058     479.0433      -1.5894       4.0000
      -0.7500       3.2500     286.0000       0.7082     499.6692      -1.3944       4.0000
      -0.7500       3.7500     200.0000       1.0551     527.6480      -1.5604       4.0000
      -0.7500       4.2500     352.0000       0.8436     455.5031      -3.7775       4.0000
      -0.7500       4.7500     595.0000       0.8087     517.0032      -1.9990       4.0000
      -0.7500       5.2500     246.0000       0.8928     533.0362      -2.3651       4.0000
      -0.7500       5.7500     184.0000       0.9798     535.9022       0.1161       4.0000
      -0.2500      -5.7500      69.0000       0.3996     441.3304      -2.6381       4.0000
      -0.2500      -5.2500     164.0000       0.0809     475.4329      -0.4188       4.0000
      -0.2500      -4.7500     242.0000       0.3019     497.3467      -1.9985       4.0000
      -0.2500      -4.2500     133.0000       0.4835     452.3000      -0.8684       4.0000
      -0.2500      -3.7500     136.0000       0.3478     454.3574      -2.0024       4.0000
      -0.2500      -3.2500      95.0000       0.3820     534.0768      -2.0967       4.0000
      -0.2500       3.2500     187.0000       0.5894     493.9102      -0.8648       4.0000
      -0.2500       3.7500     276.0000       0.9498     496.8576      -2.8332       4.0000
      -0.2500       4.2500     421.0000       0.9529     463.5309      -3.1242       4.0000
      -0.2500       4.7500     391.0000       0.7354     531.5471      -0.4509       4.0000
      -0.2500       5.2500     406.0000       0.8450     546.7978      -1.9733       4.0000
      -0.2500       5.7500     192.0000       0.9012     527.1776      -0.6727       4.0000
       0.2500      -5.7500      48.0000       0.1781     529.7208      -3.5319       4.0000
       0.2500      -5.2500     150.0000       0.1946     447.8820      -2.2352       4.0000
       0.2500      -4.7500     218.0000       0.2473     456.5427      -1.2354       4.0000
       0.2500      -4.2500     158.0000       0.4335     470.0614       0.2880       4.0000
       0.2500      -3.7500      99.0000       0.6770     458.0808       0.9489       4.0000
       0.2500      -3.2500      82.0000       0.2314     458.6268      -4.3923       4.0000
       0.2500       3.2500     178.0000       0.5189     495.9933      -2.0606       4.0000
       0.2500       3.7500     344.0000       0.7587     476.0773      -3.2222       4.0000
       0.2500       4.2500     410.0000       0.8609     497.4454      -2.4907       4.0000
       0.2500       4.7500     370.0000       0.7373     555.1176      -0.7045       4.0000
       0.2500       5.2500     324.0000       0.9839     514.0093      -2.0178       4.0000
       0.2500       5.7500     202.0000       0.5726     537.5941      -0.4896       4.0000
       0.7500      -5.7500      33.0000       0.1767     517.1970      -4.6136       4.0000
       0.7500      -5.2500     181.0000       0.1520     448.1702      -2.1623       4.0000
       0.7500      -4.7500      87.0000       0.4772     446.8701       1.0157       4.0000
       0.7500      -4.2500     142.0000       0.2495     455.9303      -0.8300       4.0000
       0.7500      -3.7500      95.0000       0.4879     433.7453      -1.7549       4.0000
       0.7500      -3.2500     161.0000       0.3111     478.5658       0.1193       4.0000
       0.7500       3.2500     309.0000       0.4811     513.9375      -2.3976       4.0000
       0.7500       3.7500     387.0000       0.7030     509.1894      -2.5817       4.0000
       0.7500       4.2500     390.0000       0.8587     510.6487      -0.8498       4.0000
       0.7500       4.7500     288.0000       0.9110     556.9910      -1.7536       4.0000
       0.7500       5.2500     406.0000       0.8252     516.0283      -2.4338       4.0000
       0.7500       5.7500      37.0000       0.6290     550.2757       1.9416       4.0000
       1.2500      -5.2500     125.0000       0.1185     505.1136       0.3856       4.0000
       1.2500      -4.7500     185.0000       0.1193     412.9400      -3.3577       4.0000
       1.2500      -4.2500      49.0000       0.5488     485.5918       4.4422       4.0000
       1.2500      -3.7500      92.0000       0.3393     440.3630      -1.3276       4.0000
       1.2500      -3.2500     201.0000       0.2233     467.3806      -2.1000       4.0000
       1.2500      -2.7500     134.0000       0.0723     477.3254      -0.5192       4.0000
       1.2500       2.7500     339.0000       0.3638     528.1935      -1.7088       4.0000
       1.2500       3.2500     368.0000       0.4289     570.9489      -0.9554       4.0000
       1.2500       3.7500     525.0000       0.4738     531.8777      -1.6105       4.0000
       1.2500       4.2500     299.0000       0.7726     539.8552      -1.8447       4.0000
       1.2500       4.7500     260.0000       0.8977     506.1788      -2.6612       4.0000
       1.2500       5.2500     372.0000       0.7300     487.6745      -1.6138       4.0000
       1.2500       5.7500       7.0000       0.7981     601.5143       1.7457       4.0000
       1.7500      -5.2500      50.0000       0.0395     473.4360       2.2592       4.0000
       1.7500      -4.7500     124.0000       0.0118     478.8573      -0.6979       4.0000
       1.7500      -4.2500     101.0000       0.2034     378.9970      -4.9449       4.0000
       1.7500      -3.7500     155.0000       0.3146     449.1452      -3.0779       4.0000
       1.7500      -3.2500     119.0000       0.1962     438.3891       0.6734       4.0000
       1.7500      -2.7500      88.0000       0.1206     462.6273       0.9307       4.0000
       1.7500       2.7500     382.0000       0.4044     561.4118      -1.3956       4.0000
       1.7500       3.2500     350.0000       0.4698     589.4346      -1.4315       4.0000
       1.7500       3.7500     390.0000       0.3963     536.0485      -0.9969       4.0000
       1.7500       4.2500     209.0000       0.6333     515.0158      -2.5721       4.0000
       1.7500       4.7500     346.0000       0.8198     499.6581      -1.8043       4.0000
       1.7500       5.2500     341.0000       0.6162     474.2798      -1.7483       4.0000
       2.2500      -5.2500      43.0000       0.0369     456.7465       1.1816       4.0000
       2.2500      -4.7500      86.0000      -0.1344     470.2128       1.3607       4.0000
       2.2500      -4.2500      47.0000      -0.0608     394.7681      -4.1289       4.0000
       2.2500      -3.7500     115.0000       0.1254     461.8009      -2.6101       4.0000
       2.2500      -3.2500     107.0000       0.2241     403.6477      -2.4407       4.0000
       2.2500      -2.7500      94.0000       0.2168     383.3351      -3.1015       4.0000
       2.2500      -2.2500     242.0000       0.3739     483.2963      -2.8147       4.0000
       2.2500       2.2500     204.0000       0.2412     534.4010      -1.8320       4.0000
       2.2500       2.7500     298.0000       0.2944     565.9359      -1.2116       4.0000
       2.2500       3.2500     193.0000       0.6089     625.3466      -2.2317       4.0000
       2.2500       3.7500     427.0000       0.5604     514.8522      -2.8873       4.0000
       2.2500       4.2500     311.0000       0.5030     500.6122      -0.6639       4.0000
       2.2500       4.7500     407.0000       0.5551     489.1740      -3.1350       4.0000
       2.2500       5.2500     162.0000       0.6104     452.0654      -2.4894       4.0000
       2.7500      -5.2500      43.0000       0.0861     481.5581       0.4742       4.0000
       2.7500      -4.7500     155.0000      -0.1103     441.3729      -1.3832       4.0000
       2.7500      -4.2500      44.0000      -0.1741     396.3182      -3.8427       4.0000
       2.7500      -3.7500     152.0000       0.0473     498.2211      -1.6519       4.0000
       2.7500      -3.2500      50.0000      -0.1389     499.4340       0.3466       4.0000
       2.7500      -2.7500      10.0000       0.1092     465.0000      -3.1750       4.0000
       2.7500      -2.2500     162.0000       0.3379     457.8142      -3.0778       4.0000
       2.7500      -1.7500     180.0000       0.2749     522.6672      -1.3848       4.0000
       2.7500      -1.2500     229.0000       0.1537     493.4310      -1.7373       4.0000
       2.7500       1.2500     219.0000       0.2656     486.9776      -2.7611       4.0000
       2.7500       1.7500     198.0000       0.2030     476.8677      -1.5072       4.0000
       2.7500       2.2500     180.0000       0.2856     483.4644      -0.6352       4.0000
       2.7500       2.7500     252.0000       0.4407     542.9131      -2.7425       4.0000
       2.7500       3.2500     219.0000       0.5511     568.0909      -1.1988       4.0000
       2.7500       3.7500     400.0000       0.5439     503.1165      -2.5539       4.0000
       2.7500       4.2500     465.0000       0.5946     489.8437      -2.1655       4.0000
       2.7500       4.7500     432.0000       0.7183     479.2201      -2.1291       4.0000
       2.7500       5.2500       1.0000       0.0389     328.7000       0.0100       4.0000
       3.2500      -4.7500     145.0000      -0.0415     427.5993      -3.5102       4.0000
       3.2500      -4.2500      85.0000       0.1868     442.1965      -5.8798       4.0000
       3.2500      -3.7500     123.0000       0.1479     497.4602      -4.2297       4.0000
       3.2500      -3.2500      54.0000       0.0259     470.5426      -0.2337       4.0000
       3.2500      -2.7500      89.0000       0.0722     478.3011      -0.6715       4.0000
       3.2500      -2.2500     209.0000       0.2141     459.3909      -1.6810       4.0000
       3.2500      -1.7500     207.0000       0.2444     510.1401      -2.3365       4.0000
       3.2500      -1.2500     117.0000       0.2544     517.9094      -2.6599       4.0000
       3.2500      -0.7500     208.0000       0.2692     509.0332      -2.4480       4.0000
       3.2500      -0.2500     188.0000       0.2234     488.5819      -1.1188       4.0000
       3.2500       0.2500     182.0000       0.2647     513.0577      -2.4169       4.0000
       3.2500       0.7500     178.0000       0.1814     478.4348      -2.8325       4.0000
       3.2500       1.2500     219.0000       0.1895     460.0443      -4.5646       4.0000
       3.2500       1.7500     145.0000       0.1193     474.2345      -3.5626       4.0000
       3.2500       2.2500     156.0000       0.2774     493.5949      -1.1106       4.0000
       3.2500       2.7500     162.0000       0.3377     535.2173      -1.8240       4.0000
       3.2500       3.2500     229.0000       0.5807     542.3764      -1.1268       4.0000
       3.2500       3.7500     602.0000       0.5212     510.7616      -1.7414       4.0000
       3.2500       4.2500     499.0000       0.6443     480.8754      -3.1656       4.0000
       3.2500       4.7500     112.0000       0.7509     511.2018      -2.5081       4.0000
       3.7500      -4.2500     132.0000      -0.0638     399.8833      -3.2552       4.0000
       3.7500      -3.7500     130.0000       0.1787     539.9831      -2.4368       4.0000
       3.7500      -3.2500      76.0000       0.1335     443.4026      -4.7687       4.0000
       3.7500      -2.7500     107.0000       0.0506     424.2402      -5.3607       4.0000
       3.7500      -2.2500     100.0000      -0.0314     450.9290      -2.8070       4.0000
       3.7500      -1.7500     134.0000       0.2113     478.8381      -2.4093       4.0000
       3.7500      -1.2500     111.0000       0.3550     550.3009      -1.5875       4.0000
       3.7500      -0.7500     146.0000       0.3115     493.6247      -2.5730       4.0000
       3.7500      -0.2500     296.0000       0.3427     520.0662      -2.1588       4.0000
       3.7500       0.2500     200.0000       0.2335     488.4490      -3.4570       4.0000
       3.7500       0.7500     244.0000       0.2360     490.2316      -2.7782       4.0000
       3.7500       1.2500     201.0000       0.2080     462.3015      -3.0404       4.0000
       3.7500       1.7500     144.0000       0.1422     426.8958      -0.9337       4.0000
       3.7500       2.2500     220.0000       0.2715     490.0405      -2.4113       4.0000
       3.7500       2.7500     251.0000       0.3174     504.7948      -2.0077       4.0000
       3.7500       3.2500     732.0000       0.5629     514.1813      -1.9929       4.0000
       3.7500       3.7500     519.0000       0.4556     489.6540      -1.8593       4.0000
       3.7500       4.2500     203.0000       0.5915     514.7552      -1.6146       4.0000
       4.2500      -3.7500     182.0000      -0.0265     444.8687      -2.3621       4.0000
       4.2500      -3.2500     127.0000      -0.0754     464.6598       2.8405       4.0000
       4.2500      -2.7500      83.0000       0.1224     407.1157       0.3090       4.0000
       4.2500      -2.2500      32.0000      -0.1279     385.5625       0.8087       4.0000
       4.2500      -1.7500     106.0000       0.2167     435.4953      -3.3026       4.0000
       4.2500      -1.2500      75.0000       0.1550     509.0280      -2.2427       4.0000
       4.2500      -0.7500      84.0000       0.2976     494.8988      -0.9657       4.0000
       4.2500      -0.2500     114.0000       0.1103     447.2377      -4.1394       4.0000
       4.2500       0.2500     321.0000       0.1925     511.2467      -2.1353       4.0000
       4.2500       0.7500     343.0000       0.3028     481.9933      -4.1019       4.0000
       4.2500       1.2500     291.0000       0.2850     479.4938      -3.2904       4.0000
       4.2500       1.7500     246.0000       0.3266     501.4569      -1.9649       4.0000
       4.2500       2.2500     353.0000       0.4609     499.2535      -3.0516       4.0000
       4.2500       2.7500     639.0000       0.5141     532.6052      -1.4660       4.0000
       4.2500       3.2500     367.0000       0.5020     520.4332      -2.0890       4.0000
       4.2500       3.7500     249.0000       0.5499     530.7807      -3.9182       4.0000
       4.7500      -3.2500     210.0000       0.0817     482.1100      -2.9871       4.0000
       4.7500      -2.7500     175.0000       0.2307     425.7520      -4.9601       4.0000
       4.7500      -2.2500      99.0000       0.1482     382.9192      -5.6377       4.0000
       4.7500      -1.7500      99.0000       0.0496     409.0212      -2.4340       4.0000
       4.7500      -1.2500     126.0000       0.2044     405.3000      -4.6521       4.0000
       4.7500      -0.7500     111.0000       0.1346     468.6360      -1.6843       4.0000
       4.7500      -0.2500     150.0000       0.1708     535.6307       0.9558       4.0000
       4.7500       0.2500     150.0000       0.2473     457.2527      -3.8743       4.0000
       4.7500       0.7500     182.0000       0.2294     525.6407      -1.8603       4.0000
       4.7500       1.2500     259.0000       0.3419     543.5629      -2.0537       4.0000
       4.7500       1.7500     363.0000       0.3528     528.4567      -2.4393       4.0000
       4.7500       2.2500     308.0000       0.4437     541.6331      -2.2545       4.0000
       4.7500       2.7500     244.0000       0.6145     545.5984      -1.6405       4.0000
       4.7500       3.2500     207.0000       0.5145     546.5145      -2.6824       4.0000
       5.2500      -2.7500     140.0000       0.1475     474.6114      -1.4401       4.0000
       5.2500      -2.2500     231.0000       0.1218     452.5104      -1.4765       4.0000
       5.2500      -1.7500     213.0000       0.1093     436.1362      -1.8438       4.0000
       5.2500      -1.2500     228.0000       0.2578     460.8956      -0.7462       4.0000
       5.2500      -0.7500     257.0000       0.2160     455.8062      -1.2200       4.0000
       5.2500      -0.2500     207.0000       0.3320     431.3676      -3.2828       4.0000
       5.2500       0.2500     173.0000       0.3102     494.5416      -2.4792       4.0000
       5.2500       0.7500     149.0000       0.2855     503.0020      -0.8956       4.0000
       5.2500       1.2500     187.0000       0.2562     501.6283      -0.7656       4.0000
       5.2500       1.7500     394.0000       0.3532     517.3990      -1.5349       4.0000
       5.2500       2.2500     344.0000       0.5156     553.0297      -1.5261       4.0000
       5.2500       2.7500     123.0000       0.7717     527.0602      -1.9860       4.0000
       5.7500      -1.2500      81.0000       0.0040     413.4593      -0.3156       4.0000
       5.7500      -0.7500      79.0000      -0.0208     410.7051      -2.1787       4.0000
       5.7500      -0.2500      88.0000       0.2884     471.1648      -4.4700       4.0000
       5.7500       0.2500     168.0000       0.3758     458.8607      -2.9557       4.0000
       5.7500       0.7500     201.0000       0.2557     465.8244      -2.9219       4.0000
       5.7500       1.2500     203.0000       0.3220     471.4621      -1.3485       4.0000
      -5.7500      -1.2500     277.0000       0.3448     579.7682      -1.4043       4.0000
      -5.7500      -0.7500      48.0000       0.2978     509.2604      -0.5467       4.0000
      -5.7500      -0.2500       1.0000      -1.7572     714.8000      -1.2300       4.0000
      -5.7500       0.2500      15.0000       0.1460     615.3267       1.8427       4.0000
      -5.7500       0.7500      57.0000       0.0438     564.4246      -1.3874       4.0000
      -5.7500       1.2500     202.0000       0.2093     513.9658      -1.3677       4.0000
      -5.2500      -2.7500     317.0000       0.2731     551.7650       0.1067       4.0000
      -5.2500      -2.2500     476.0000       0.3684     574.0134      -1.2513       4.0000
      -5.2500      -1.7500     497.0000       0.4193     577.9992      -1.5524       4.0000
      -5.2500      -1.2500     373.0000       0.1050     516.4611      -1.4885       4.0000
      -5.2500      -0.7500     286.0000       0.1639     502.6367      -0.5913       4.0000
      -5.2500      -0.2500     200.0000       0.3654     520.5815      -1.6780       4.0000
      -5.2500       0.2500     309.0000       0.2607     495.3893      -2.5917       4.0000
      -5.2500       0.7500     320.0000       0.1706     518.4481      -1.7932       4.0000
      -5.2500       1.2500     468.0000       0.2283     520.3194      -0.9824       4.0000
      -5.2500       1.7500     572.0000       0.1458     546.8205      -0.8680       4.0000
      -5.2500       2.2500     370.0000       0.1355     537.2500      -1.3688       4.0000
      -5.2500       2.7500     133.0000       0.1502     498.8316      -3.2662       4.0000
      -4.7500      -3.2500     446.0000       0.3761     553.2937      -0.4642       4.0000
      -4.7500      -2.7500     386.0000       0.2809     527.2655      -0.8903       4.0000
      -4.7500      -2.2500     475.0000       0.2023     577.5709      -0.3737       4.0000
      -4.7500      -1.7500     671.0000       0.2073     527.1689      -1.1930       4.0000
      -4.7500      -1.2500     589.0000       0.2663     568.5954      -1.7860       4.0000
      -4.7500      -0.7500     375.0000       0.3900     552.0605      -0.1733       4.0000
      -4.7500      -0.2500     389.0000       0.1890     545.7689      -1.6393       4.0000
      -4.7500       0.2500     275.0000       0.1292     520.6927      -0.5441       4.0000
      -4.7500       0.7500     176.0000       0.1918     570.7670      -0.7498       4.0000
      -4.7500       1.2500     340.0000       0.1797     548.3106      -1.9526       4.0000
      -4.7500       1.7500     461.0000       0.1876     493.1438      -0.8672       4.0000
      -4.7500       2.2500     574.0000       0.2737     521.9542      -0.1493       4.0000
      -4.7500       2.7500     696.0000       0.2372     526.9220       0.3220       4.0000
      -4.7500       3.2500     311.0000       0.2295     506.7296      -0.7762       4.0000
      -4.2500      -3.7500     410.0000       0.4200     522.3798      -0.9848       4.0000
      -4.2500      -3.2500     542.0000       0.4593     508.0384      -1.4448       4.0000
      -4.2500      -2.7500     450.0000       0.1741     520.5820      -0.6541       4.0000
      -4.2500      -2.2500     491.0000       0.3684     471.0743      -2.4355       4.0000
      -4.2500      -1.7500     330.0000       0.4660     510.6133      -2.2651       4.0000
      -4.2500      -1.2500     198.0000       0.1204     484.4545      -0.4337       4.0000
      -4.2500      -0.7500     112.0000       0.4065     592.3348      -0.3494       4.0000
      -4.2500      -0.2500      94.0000       0.2113     549.2064      -2.8437       4.0000
      -4.2500       0.2500     263.0000       0.0756     583.4422      -1.0436       4.0000
      -4.2500       0.7500     216.0000       0.1562     567.5204      -1.9704       4.0000
      -4.2500       1.2500     213.0000       0.2577     501.6141      -1.0995       4.0000
      -4.2500       1.7500     381.0000       0.2980     528.7627      -1.3886       4.0000
      -4.2500       2.2500     336.0000       0.2837     493.3244      -2.2822       4.0000
      -4.2500       2.7500     416.0000       0.3218     502.4507      -2.3075       4.0000
      -4.2500       3.2500     679.0000       0.2591     541.2965      -1.2427       4.0000
      -4.2500       3.7500     323.0000       0.2843     557.8718      -1.3738       4.0000
      -3.7500      -4.2500     317.0000       0.2222     509.4369      -0.1242       4.0000
      -3.7500      -3.7500     274.0000       0.3823     496.4985      -3.5309       4.0000
      -3.7500      -3.2500     329.0000       0.4775     514.8508      -3.2065       4.0000
      -3.7500      -2.7500     361.0000       0.2681     498.5546      -1.7539       4.0000
      -3.7500      -2.2500     252.0000       0.4338     491.3198      -3.0122       4.0000
      -3.7500      -1.7500     139.0000       0.3135     521.5784      -1.5091       4.0000
      -3.7500      -1.2500     240.0000       0.1180     506.2812      -1.0669       4.0000
      -3.7500      -0.7500     151.0000       0.0227     551.5285      -0.3358       4.0000
      -3.7500      -0.2500     161.0000       0.1313     596.7559      -0.7757       4.0000
      -3.7500       0.2500     169.0000       0.1931     582.5402      -1.4144       4.0000
      -3.7500       0.7500     265.0000       0.1438     526.8460      -1.0750       4.0000
      -3.7500       1.2500     421.0000       0.3051     494.0423      -3.0611       4.0000
      -3.7500       1.7500     443.0000       0.3504     492.6521      -3.4241       4.0000
      -3.7500       2.2500     548.0000       0.3259     493.4049      -2.8460       4.0000
      -3.7500       2.7500     575.0000       0.3562     509.9054      -2.8995       4.0000
      -3.7500       3.2500     612.0000       0.3670     544.6961      -1.9278       4.0000
      -3.7500       3.7500     712.0000       0.3163     569.1096      -2.2150       4.0000
      -3.7500       4.2500     202.0000       0.3648     549.5238      -1.1071       4.0000
      -3.2500      -4.7500     266.0000       0.3157     515.9410      -2.6005       4.0000
      -3.2500      -4.2500     405.0000       0.2742     512.3694      -2.3276       4.0000
      -3.2500      -3.7500     159.0000       0.4179     469.1805      -2.4601       4.0000
      -3.2500      -3.2500     356.0000       0.4450     523.0320      -2.4689       4.0000
      -3.2500      -2.7500     254.0000       0.3777     496.6862      -1.1344       4.0000
      -3.2500      -2.2500     307.0000       0.4010     490.1788      -1.4045       4.0000
      -3.2500      -1.7500     235.0000       0.0273     472.6026      -0.4135       4.0000
      -3.2500      -1.2500     205.0000      -0.0042     498.8083      -2.1616       4.0000
      -3.2500      -0.7500     158.0000       0.2239     600.0513      -0.4017       4.0000
      -3.2500      -0.2500     191.0000      -0.1899     534.8476       0.1842       4.0000
      -3.2500       0.2500     278.0000      -0.1584     472.9507      -2.8677       4.0000
      -3.2500       0.7500     224.0000       0.1213     463.1848      -4.2098       4.0000
      -3.2500       1.2500     341.0000       0.1928     575.6405      -1.6666       4.0000
      -3.2500       1.7500     282.0000       0.3262     552.2699      -2.2789       4.0000
      -3.2500       2.2500     327.0000       0.4471     551.1055      -1.9251       4.0000
      -3.2500       2.7500     391.0000       0.4591     523.3450      -1.2822       4.0000
      -3.2500       3.2500     641.0000       0.4574     543.6652      -1.7265       4.0000
      -3.2500       3.7500     713.0000       0.4027     500.2123      -2.1863       4.0000
      -3.2500       4.2500     555.0000       0.4399     541.4016      -1.4727       4.0000
      -3.2500       4.7500     105.0000       0.2759     417.0676      -1.4306       4.0000
      -2.7500      -5.2500      65.0000       0.4176     493.0538      -1.6738       4.0000
      -2.7500      -4.7500     507.0000       0.1578     510.1217      -1.2739       4.0000
      -2.7500      -4.2500     364.0000       0.2995     530.6511      -1.2467       4.0000
      -2.7500      -3.7500     292.0000       0.3299     476.3021      -2.1396       4.0000
      -2.7500      -3.2500     428.0000       0.5335     489.6974      -3.1053       4.0000
      -2.7500      -2.7500     250.0000       0.3062     457.4492      -2.2931       4.0000
      -2.7500      -2.2500     372.0000       0.2262     468.8898      -2.4684       4.0000
      -2.7500      -1.7500     241.0000      -0.0310     438.5863      -1.9736       4.0000
      -2.7500      -1.2500     265.0000      -0.0587     537.9125      -1.5644       4.0000
      -2.7500       1.2500     203.0000       0.1444     552.9911      -1.2340       4.0000
      -2.7500       1.7500     249.0000       0.3597     562.8052      -1.2897       4.0000
      -2.7500       2.2500     258.0000       0.4217     561.9213      -1.2347       4.0000
      -2.7500       2.7500     317.0000       0.7390     555.6151      -1.2259       4.0000
      -2.7500       3.2500     498.0000       0.6668     559.8309      -0.6040       4.0000
      -2.7500       3.7500     690.0000       0.5697     555.4603      -0.6065       4.0000
      -2.7500       4.2500     931.0000       0.5019     501.6779      -2.3262       4.0000
      -2.7500       4.7500     275.0000       0.4472     491.9556      -1.1921       4.0000
      -2.7500       5.2500      51.0000       0.4745     361.9804      -2.1718       4.0000
      -2.2500      -5.2500     353.0000       0.1537     479.8510      -1.3910       4.0000
      -2.2500      -4.7500     537.0000       0.0871     505.9121      -1.0171       4.0000
      -2.2500      -4.2500     288.0000       0.2550     509.8979      -1.5097       4.0000
      -2.2500      -3.7500     262.0000       0.2154     516.7191      -1.3228       4.0000
      -2.2500      -3.2500     460.0000       0.4535     496.8361      -2.6046       4.0000
      -2.2500      -2.7500     301.0000       0.3548     485.9405      -1.9010       4.0000
      -2.2500      -2.2500     292.0000       0.1182     497.6137      -2.3729       4.0000
      -2.2500       2.2500     202.0000       0.2916     524.8361      -1.3382       4.0000
      -2.2500       2.7500     261.0000       0.6176     560.6617      -0.8184       4.0000
      -2.2500       3.2500     452.0000       0.6886     560.5485      -0.5750       4.0000
      -2.2500       3.7500     397.0000       0.9202     579.8819      -0.2170       4.0000
      -2.2500       4.2500     741.0000       0.6460     529.7718      -1.4508       4.0000
      -2.2500       4.7500     608.0000       0.5693     509.7623      -2.0107       4.0000
      -2.2500       5.2500      85.0000       0.4355     393.2118      -3.6348       4.0000
      -1.7500      -5.2500     545.0000       0.0571     476.8710      -1.0596       4.0000
      -1.7500      -4.7500     289.0000       0.0998     541.8699      -1.6978       4.0000
      -1.7500      -4.2500     302.0000       0.2666     507.0623      -2.5711       4.0000
      -1.7500      -3.7500     226.0000       0.5616     549.4584      -1.2842       4.0000
      -1.7500      -3.2500     389.0000       0.5934     500.7319      -1.5440       4.0000
      -1.7500      -2.7500     249.0000       0.2645     492.1759      -2.4026       4.0000
      -1.7500       2.7500     237.0000       0.6145     509.3523      -1.7994       4.0000
      -1.7500       3.2500     364.0000       0.6783     541.1907      -1.4643       4.0000
      -1.7500       3.7500     279.0000       0.9947     583.8520      -0.5566       4.0000
      -1.7500       4.2500     421.0000       0.9136     568.7618      -0.8761       4.0000
      -1.7500       4.7500     875.0000       0.7157     508.2936      -3.3132       4.0000
      -1.7500       5.2500     159.0000       0.6160     494.0170      -1.6256       4.0000
      -1.2500      -5.7500     145.0000       0.2442     493.7434      -3.4192       4.0000
      -1.2500      -5.2500     452.0000       0.1534     481.8449      -1.5199       4.0000
      -1.2500      -4.7500     352.0000       0.2355     538.0153      -1.2313       4.0000
      -1.2500      -4.2500     154.0000       0.2197     494.9955      -2.1309       4.0000
      -1.2500      -3.7500     292.0000       0.4991     510.8408      -2.4338       4.0000
      -1.2500      -3.2500     181.0000       0.4171     497.7282      -0.5575       4.0000
      -1.2500      -2.7500     201.0000       0.2190     479.6542      -0.9077       4.0000
      -1.2500       2.7500     267.0000       0.5199     517.1195      -0.7284       4.0000
      -1.2500       3.2500     355.0000       0.6523     557.5744      -1.0714       4.0000
      -1.2500       3.7500     261.0000       0.8202     541.3663      -0.4474       4.0000
      -1.2500       4.2500     364.0000       0.8701     534.3670      -0.8798       4.0000
      -1.2500       4.7500     825.0000       0.8181     506.8799      -2.3987       4.0000
      -1.2500       5.2500     218.0000       0.8432     577.7931      -1.7459       4.0000
      -1.2500       5.7500      96.0000       0.7635     496.6177      -0.5868       4.0000
      -0.7500      -5.7500     118.0000       0.1536     526.3958      -3.2119       4.0000
      -0.7500      -5.2500     539.0000       0.1914     496.9848      -1.4455       4.0000
      -0.7500      -4.7500     231.0000       0.3193     472.0840      -2.7474       4.0000
      -0.7500      -4.2500     321.0000       0.3401     515.7523      -2.1285       4.0000
      -0.7500      -3.7500     205.0000       0.5636     482.0990      -2.6227       4.0000
      -0.7500      -3.2500     158.0000       0.3395     547.3120      -1.8273       4.0000
      -0.7500       3.2500     304.0000       0.6393     564.1507      -1.5056       4.0000
      -0.7500       3.7500     272.0000       0.7436     515.5629      -1.4179       4.0000
      -0.7500       4.2500     349.0000       1.0076     498.1321      -3.5317       4.0000
      -0.7500       4.7500     639.0000       0.6949     536.6429      -2.3409       4.0000
      -0.7500       5.2500     317.0000       0.9328     582.4464      -1.5207       4.0000
      -0.7500       5.7500     219.0000       1.0843     506.7553      -1.0464       4.0000
      -0.2500      -5.7500     199.0000       0.2356     517.3176      -1.5311       4.0000
      -0.2500      -5.2500     415.0000       0.1968     485.8636      -1.5760       4.0000
      -0.2500      -4.7500     364.0000       0.2519     469.5434      -1.8550       4.0000
      -0.2500      -4.2500     171.0000       0.4868     485.2275      -2.6344       4.0000
      -0.2500      -3.7500     224.0000       0.3805     506.6022      -1.7606       4.0000
      -0.2500      -3.2500     188.0000       0.4115     531.7941      -2.5579       4.0000
      -0.2500       3.2500     298.0000       0.5551     501.1909      -1.8081       4.0000
      -0.2500       3.7500     258.0000       0.8094     511.1566      -1.4383       4.0000
      -0.2500       4.2500     386.0000       1.1253     487.7176      -4.0389       4.0000
      -0.2500       4.7500     597.0000       0.6960     555.0916      -1.7187       4.0000
      -0.2500       5.2500     448.0000       0.7902     552.9342      -0.5234       4.0000
      -0.2500       5.7500     237.0000       0.9752     539.4654      -1.0414       4.0000
       0.2500      -5.7500     155.0000       0.2398     515.9465      -1.8025       4.0000
       0.2500      -5.2500     384.0000       0.2050     480.9044      -2.3879       4.0000
       0.2500      -4.7500     275.0000       0.1663     471.5138       0.0128       4.0000
       0.2500      -4.2500     288.0000       0.2369     476.2007      -2.1919       4.0000
       0.2500      -3.7500     170.0000       0.5161     505.0553      -0.5398       4.0000
       0.2500      -3.2500     196.0000       0.2515     499.2867      -2.2154       4.0000
       0.2500       3.2500     318.0000       0.6684     519.5972      -2.1157       4.0000
       0.2500       3.7500     317.0000       0.9075     491.3902      -4.7104       4.0000
       0.2500       4.2500     280.0000       0.6741     491.3129      -2.5609       4.0000
       0.2500       4.7500     636.0000       0.8620     562.1653      -2.0381       4.0000
       0.2500       5.2500     424.0000       0.9683     547.2330      -1.5256       4.0000
       0.2500       5.7500     193.0000       0.8932     533.9036      -0.3553       4.0000
       0.7500      -5.7500     145.0000       0.1625     553.9345       0.2419       4.0000
       0.7500      -5.2500     309.0000       0.1412     461.0725      -2.1791       4.0000
       0.7500      -4.7500     329.0000       0.0498     480.8188      -1.0279       4.0000
       0.7500      -4.2500     265.0000       0.2711     503.7423      -0.8679       4.0000
       0.7500      -3.7500     215.0000       0.2231     482.1837      -1.6045       4.0000
       0.7500      -3.2500     187.0000       0.1995     497.1273      -2.0774       4.0000
       0.7500       3.2500     386.0000       0.5523     493.6969      -3.8606       4.0000
       0.7500       3.7500     249.0000       0.5945     484.7976      -2.7757       4.0000
       0.7500       4.2500     365.0000       0.7738     556.9767      -1.8653       4.0000
       0.7500       4.7500     638.0000       0.9417     569.6658      -1.9884       4.0000
       0.7500       5.2500     460.0000       0.8459     506.7565      -1.6014       4.0000
       0.7500       5.7500     145.0000       0.6195     533.3076      -0.6462       4.0000
       1.2500      -5.7500     156.0000       0.1404     513.4455       0.2015       4.0000
       1.2500      -5.2500     183.0000       0.0827     480.9311      -0.3036       4.0000
       1.2500      -4.7500     435.0000       0.0932     471.1618      -3.1066       4.0000
       1.2500      -4.2500     268.0000       0.1469     467.6280      -3.3370       4.0000
       1.2500      -3.7500     198.0000       0.1152     488.0197      -0.2359       4.0000
       1.2500      -3.2500     273.0000       0.1145     468.0249      -2.8519       4.0000
       1.2500      -2.7500     233.0000       0.0227     498.5373      -1.6185       4.0000
       1.2500       2.7500     192.0000       0.2213     489.4865      -2.8911       4.0000
       1.2500       3.2500     309.0000       0.3027     541.4058      -1.5271       4.0000
       1.2500       3.7500     418.0000       0.6131     549.6878      -2.0833       4.0000
       1.2500       4.2500     561.0000       0.7101     547.4068      -1.8973       4.0000
       1.2500       4.7500     546.0000       0.9622     557.0412      -1.7925       4.0000
       1.2500       5.2500     462.0000       0.9127     511.8989      -2.2206       4.0000
       1.2500       5.7500      96.0000       1.1049     506.9042      -0.7819       4.0000
       1.7500      -5.2500     199.0000       0.0923     498.9879       0.0949       4.0000
       1.7500      -4.7500     467.0000       0.1368     491.8075      -1.7905       4.0000
       1.7500      -4.2500     285.0000       0.2563     460.4681      -3.6821       4.0000
       1.7500      -3.7500     369.0000       0.1064     476.7751      -3.1078       4.0000
       1.7500      -3.2500     285.0000       0.0682     460.7698      -3.6202       4.0000
       1.7500      -2.7500     189.0000       0.0102     496.9153      -1.2074       4.0000
       1.7500       2.7500     270.0000       0.2889     543.9267      -1.7193       4.0000
       1.7500       3.2500     393.0000       0.4536     560.7501      -1.4335       4.0000
       1.7500       3.7500     558.0000       0.5936     557.7880      -1.6185       4.0000
       1.7500       4.2500     475.0000       0.6799     526.9678      -2.1715       4.0000
       1.7500       4.7500     493.0000       0.8811     506.8554      -2.3016       4.0000
       1.7500       5.2500     453.0000       0.9082     513.0062      -2.6850       4.0000
       2.2500      -5.2500     202.0000       0.0470     451.6767      -1.0566       4.0000
       2.2500      -4.7500     317.0000      -0.0549     483.4644      -1.0690       4.0000
       2.2500      -4.2500     237.0000       0.1068     475.0380      -0.8918       4.0000
       2.2500      -3.7500     238.0000      -0.1173     493.6319      -3.1330       4.0000
       2.2500      -3.2500     221.0000       0.1768     487.6072      -2.6646       4.0000
       2.2500      -2.7500     242.0000       0.0597     458.4545      -2.1647       4.0000
       2.2500      -2.2500     250.0000       0.0813     497.2204      -2.0118       4.0000
       2.2500       2.2500     292.0000       0.1977     560.6849      -1.7499       4.0000
       2.2500       2.7500     354.0000       0.2098     543.4621      -1.1905       4.0000
       2.2500       3.2500     389.0000       0.4008     563.1828      -0.9496       4.0000
       2.2500       3.7500     494.0000       0.4854     519.9621      -1.8106       4.0000
       2.2500       4.2500     454.0000       0.5501     520.1857      -1.3806       4.0000
       2.2500       4.7500     566.0000       0.6520     489.9092      -2.4202       4.0000
       2.2500       5.2500     284.0000       1.0295     479.7715      -2.6773       4.0000
       2.7500      -5.2500      42.0000       0.2063     430.1071      -1.2786       4.0000
       2.7500      -4.7500     383.0000       0.0097     472.3723      -1.5090       4.0000
       2.7500      -4.2500     320.0000      -0.0039     482.2456      -1.0668       4.0000
       2.7500      -3.7500     254.0000      -0.1740     500.4142      -3.1127       4.0000
       2.7500      -3.2500     229.0000       0.0681     499.7179      -2.0101       4.0000
       2.7500      -2.7500     187.0000       0.1255     474.3636       0.5109       4.0000
       2.7500      -2.2500     183.0000       0.1279     511.8940      -0.9012       4.0000
       2.7500      -1.7500     253.0000       0.1329     568.5870      -1.7072       4.0000
       2.7500      -1.2500     149.0000       0.0827     506.0221      -1.1746       4.0000
       2.7500       1.2500     281.0000       0.1484     512.3687      -1.6679       4.0000
       2.7500       1.7500     233.0000       0.2749     510.8811      -2.6399       4.0000
       2.7500       2.2500     255.0000       0.2756     534.5561      -1.2927       4.0000
       2.7500       2.7500     369.0000       0.1869     509.5360      -1.4749       4.0000
       2.7500       3.2500     437.0000       0.4447     550.0336      -1.3671       4.0000
       2.7500       3.7500     568.0000       0.7029     515.5489      -2.6517       4.0000
       2.7500       4.2500     350.0000       0.6247     481.4017      -2.0087       4.0000
       2.7500       4.7500     553.0000       0.6798     477.8461      -2.5348       4.0000
       2.7500       5.2500      35.0000       1.2916     537.2029      -1.4103       4.0000
       3.2500      -4.7500     207.0000      -0.0061     457.1101      -4.7713       4.0000
       3.2500      -4.2500     436.0000       0.0738     492.8794      -0.2892       4.0000
       3.2500      -3.7500     336.0000      -0.1185     484.3857      -2.3470       4.0000
       3.2500      -3.2500     279.0000       0.0741     498.9771      -0.1204       4.0000
       3.2500      -2.7500     266.0000       0.0887     484.6895      -0.5992       4.0000
       3.2500      -2.2500     309.0000       0.0544     501.3573      -2.1621       4.0000
       3.2500      -1.7500     266.0000       0.2226     559.2831      -1.4323       4.0000
       3.2500      -1.2500     136.0000       0.0647     542.5169      -1.5854       4.0000
       3.2500      -0.7500     188.0000       0.0141     485.5824      -3.0721       4.0000
       3.2500      -0.2500     235.0000       0.1765     538.2796      -2.4156       4.0000
       3.2500       0.2500     185.0000       0.1701     482.3254      -2.3482       4.0000
       3.2500       0.7500     215.0000       0.0651     471.9865      -1.7486       4.0000
       3.2500       1.2500     313.0000       0.1388     460.2728      -3.0442       4.0000
       3.2500       1.7500     231.0000       0.1777     506.5113      -2.9804       4.0000
       3.2500       2.2500     298.0000       0.2660     535.6507      -1.5826       4.0000
       3.2500       2.7500     401.0000       0.2130     506.0850      -0.8057       4.0000
       3.2500       3.2500     531.0000       0.4402     503.3277      -1.8415       4.0000
       3.2500       3.7500     517.0000       0.5335     494.5147      -2.0642       4.0000
       3.2500       4.2500     617.0000       0.5154     473.3778      -2.0791       4.0000
       3.2500       4.7500     117.0000       0.4616     490.2521      -1.5754       4.0000
       3.7500      -4.2500     330.0000       0.1463     469.5294      -2.8123       4.0000
       3.7500      -3.7500     523.0000      -0.0053     489.9512      -2.4978       4.0000
       3.7500      -3.2500     199.0000       0.0017     503.5251       1.1220       4.0000
       3.7500      -2.7500     248.0000      -0.0975     503.0153       0.4280       4.0000
       3.7500      -2.2500     289.0000      -0.0377     506.2298      -1.8161       4.0000
       3.7500      -1.7500     313.0000       0.1362     537.9869      -1.2228       4.0000
       3.7500      -1.2500     329.0000       0.0851     562.3319      -0.4226       4.0000
       3.7500      -0.7500     308.0000       0.0968     511.5399      -2.4056       4.0000
       3.7500      -0.2500     203.0000       0.0938     499.8217      -2.3505       4.0000
       3.7500       0.2500     214.0000       0.0974     495.1977      -1.8898       4.0000
       3.7500       0.7500     252.0000       0.1099     462.5004      -1.7346       4.0000
       3.7500       1.2500     201.0000       0.0903     445.8647      -1.9222       4.0000
       3.7500       1.7500     217.0000       0.1606     467.9355      -3.2882       4.0000
       3.7500       2.2500     485.0000       0.2569     521.2245      -2.2509       4.0000
       3.7500       2.7500     651.0000       0.4201     515.8897      -1.6055       4.0000
       3.7500       3.2500     754.0000       0.5563     491.3630      -2.8470       4.0000
       3.7500       3.7500     527.0000       0.4566     488.1691      -1.7934       4.0000
       3.7500       4.2500     235.0000       0.4550     481.9894      -2.0690       4.0000
       4.2500      -3.7500     415.0000       0.1284     494.9299      -1.6947       4.0000
       4.2500      -3.2500     505.0000       0.0503     481.5057      -1.8901       4.0000
       4.2500      -2.7500     412.0000       0.0377     516.0961      -1.9474       4.0000
       4.2500      -2.2500     340.0000       0.0653     494.2462      -1.2699       4.0000
       4.2500      -1.7500     458.0000       0.1396     537.7218      -2.9709       4.0000
       4.2500      -1.2500     259.0000      -0.0417     517.8166      -0.7710       4.0000
       4.2500      -0.7500     309.0000       0.0293     535.0210      -0.8066       4.0000
       4.2500      -0.2500     300.0000       0.0282     499.5360      -1.7143       4.0000
       4.2500       0.2500     335.0000       0.1090     486.3684      -1.6208       4.0000
       4.2500       0.7500     262.0000       0.1301     475.2996      -3.0133       4.0000
       4.2500       1.2500     141.0000       0.0755     525.4560      -1.3175       4.0000
       4.2500       1.7500     420.0000       0.2569     517.4871      -1.5068       4.0000
       4.2500       2.2500     715.0000       0.3357     505.7706      -2.2817       4.0000
       4.2500       2.7500     975.0000       0.4131     482.4149      -3.2231       4.0000
       4.2500       3.2500     526.0000       0.4120     505.4913      -3.2331       4.0000
       4.2500       3.7500     196.0000       0.7292     499.0490      -3.2361       4.0000
       4.7500      -3.2500     468.0000       0.1113     496.6940      -2.3660       4.0000
       4.7500      -2.7500     612.0000       0.0294     500.8528      -2.2948       4.0000
       4.7500      -2.2500     416.0000       0.0557     469.1356      -2.6550       4.0000
       4.7500      -1.7500     409.0000      -0.0970     471.9117      -1.7817       4.0000
       4.7500      -1.2500     560.0000       0.0925     520.1493      -2.3050       4.0000
       4.7500      -0.7500     412.0000       0.0386     519.2973      -1.5214       4.0000
       4.7500      -0.2500     455.0000       0.0958     535.1747      -0.7462       4.0000
       4.7500       0.2500     470.0000       0.2046     547.6581      -1.6220       4.0000
       4.7500       0.7500     460.0000       0.2433     521.1507      -2.2877       4.0000
       4.7500       1.2500     892.0000       0.2780     526.5086      -2.1655       4.0000
       4.7500       1.7500    1065.0000       0.2875     529.3162      -2.1869       4.0000
       4.7500       2.2500     756.0000       0.3564     499.1262      -2.7095       4.0000
       4.7500       2.7500     310.0000       0.3355     553.3529      -1.8891       4.0000
       4.7500       3.2500     174.0000       0.4860     535.1328      -2.1550       4.0000
       5.2500      -2.7500     174.0000      -0.0903     508.5672      -1.7749       4.0000
       5.2500      -2.2500     463.0000      -0.0409     509.3222      -2.2984       4.0000
       5.2500      -1.7500     472.0000       0.0513     498.9769      -2.9591       4.0000
       5.2500      -1.2500     487.0000       0.0683     488.9388      -2.4312       4.0000
       5.2500      -0.7500     691.0000       0.0926     520.7067      -1.5204       4.0000
       5.2500      -0.2500     635.0000       0.0482     521.0521      -1.4149       4.0000
       5.2500       0.2500     502.0000       0.1813     510.3835      -1.5490       4.0000
       5.2500       0.7500     632.0000       0.2041     531.5979      -1.4046       4.0000
       5.2500       1.2500     399.0000       0.3200     563.4644      -1.2915       4.0000
       5.2500       1.7500     292.0000       0.2285     544.2818      -0.8230       4.0000
       5.2500       2.2500     214.0000       0.4623     555.4159      -0.4119       4.0000
       5.2500       2.7500      63.0000       0.2456     587.6603      -0.0384       4.0000
       5.7500      -1.2500     238.0000      -0.0272     559.0248      -0.7529       4.0000
       5.7500      -0.7500     303.0000       0.0436     523.8026      -0.4392       4.0000
       5.7500      -0.2500     372.0000       0.2328     552.7016      -1.4292       4.0000
       5.7500       0.2500     416.0000       0.2236     540.5678      -1.3893       4.0000
       5.7500       0.7500     366.0000       0.3117     544.7913      -2.5185       4.0000
       5.7500       1.2500     199.0000       0.2004     521.3985      -2.6756       4.0000