      -5.7500      -1.2500     736.0000       0.2124     398.8894       0.7131       1.0000
      -5.7500      -0.7500     182.0000       0.0595     400.2275      -0.1307       1.0000
      -5.7500      -0.2500     207.0000       0.1617     364.2845      -0.6820       1.0000
      -5.7500       0.2500     268.0000       0.2178     398.5963       0.5294       1.0000
      -5.7500       0.7500     248.0000       0.1436     399.5270       1.1687       1.0000
      -5.7500       1.2500     207.0000       0.2948     410.9300       1.2804       1.0000
      -5.2500      -2.7500     566.0000       0.2766     391.1578       0.0727       1.0000
      -5.2500      -2.2500    1427.0000       0.2464     388.5549      -0.0358       1.0000
      -5.2500      -1.7500    1536.0000       0.2748     397.3188       0.4064       1.0000
      -5.2500      -1.2500     880.0000       0.2302     403.1132      -0.1233       1.0000
      -5.2500      -0.7500     823.0000       0.1039     392.0793       0.1687       1.0000
      -5.2500      -0.2500     650.0000       0.0652     373.6503       0.9420       1.0000
      -5.2500       0.2500     662.0000       0.1576     363.8846       1.0997       1.0000
      -5.2500       0.7500     652.0000       0.1803     377.9652       1.0097       1.0000
      -5.2500       1.2500     961.0000       0.1537     394.7555       0.4102       1.0000
      -5.2500       1.7500     994.0000       0.1724     399.8781       1.0173       1.0000
      -5.2500       2.2500     458.0000       0.1776     399.6823       0.5158       1.0000
      -5.2500       2.7500      20.0000      -1.0902     436.9650       2.1735       1.0000
      -4.7500      -3.2500    1288.0000       0.3340     393.6488       0.0347       1.0000
      -4.7500      -2.7500    1409.0000       0.2977     399.5037      -0.0671       1.0000
      -4.7500      -2.2500    1237.0000       0.2539     409.8257       0.9980       1.0000
      -4.7500      -1.7500    1331.0000       0.1564     396.8598       1.3762       1.0000
      -4.7500      -1.2500    1476.0000       0.0877     393.8738       0.9967       1.0000
      -4.7500      -0.7500     865.0000       0.0406     405.7651       1.7788       1.0000
      -4.7500      -0.2500     748.0000       0.0397     419.0147       1.0464       1.0000
      -4.7500       0.2500     640.0000       0.0124     421.8119       0.1214       1.0000
      -4.7500       0.7500     507.0000       0.0442     389.2572       0.4437       1.0000
      -4.7500       1.2500     519.0000       0.1285     389.2669      -0.0117       1.0000
      -4.7500       1.7500     565.0000       0.1343     373.4936       0.4970       1.0000
      -4.7500       2.2500     845.0000       0.1679     373.9943       1.5159       1.0000
      -4.7500       2.7500     892.0000       0.1945     387.4426       0.9223       1.0000
      -4.7500       3.2500     235.0000       0.0628     362.3409       1.4221       1.0000
      -4.2500      -3.7500    1644.0000       0.3083     410.8072       0.2533       1.0000
      -4.2500      -3.2500    1379.0000       0.2702     405.6629       0.5544       1.0000
      -4.2500      -2.7500    1276.0000       0.1765     412.5394       1.1035       1.0000
      -4.2500      -2.2500     965.0000       0.1561     407.1595       1.1825       1.0000
      -4.2500      -1.7500     710.0000       0.1551     399.8256       0.4877       1.0000
      -4.2500      -1.2500     487.0000       0.0106     397.1871       0.7889       1.0000
      -4.2500      -0.7500     435.0000       0.0484     380.9448       0.2334       1.0000
      -4.2500      -0.2500     348.0000       0.0385     396.9874       0.4572       1.0000
      -4.2500       0.2500     382.0000       0.0518     397.0576       1.4723       1.0000
      -4.2500       0.7500     525.0000      -0.0302     419.1444       0.9209       1.0000
      -4.2500       1.2500     656.0000      -0.0344     390.2509       0.4889       1.0000
      -4.2500       1.7500     683.0000       0.0233     370.3482       0.1709       1.0000
      -4.2500       2.2500     694.0000       0.0349     384.9842       0.5155       1.0000
      -4.2500       2.7500     828.0000       0.1049     368.3013       0.8967       1.0000
      -4.2500       3.2500     963.0000       0.1713     390.8600       0.8872       1.0000
      -4.2500       3.7500     373.0000       0.2324     357.8614       0.5276       1.0000
      -3.7500      -4.2500    1463.0000       0.2904     412.3785       0.0496       1.0000
      -3.7500      -3.7500    1519.0000       0.2537     387.5315       0.8147       1.0000
      -3.7500      -3.2500    1300.0000       0.1764          NaN          NaN       1.0000
      -3.7500      -2.7500     876.0000       0.2259     389.7599       1.3139       1.0000
      -3.7500      -2.2500     690.0000       0.0693     380.5284       0.4750       1.0000
      -3.7500      -1.7500     553.0000       0.0479     365.3756       0.3088       1.0000
      -3.7500      -1.2500     519.0000       0.0193     384.0110       0.4503       1.0000
      -3.7500      -0.7500     414.0000      -0.0141     386.8969      -0.2033       1.0000
      -3.7500      -0.2500     254.0000      -0.0807     396.4102      -0.5941       1.0000
      -3.7500       0.2500     407.0000       0.0037          NaN          NaN       1.0000
      -3.7500       0.7500     509.0000       0.0475     382.4815       0.1743       1.0000
      -3.7500       1.2500     736.0000       0.0364     401.8982       0.6223       1.0000
      -3.7500       1.7500     803.0000       0.0101     388.1300       0.3967       1.0000
      -3.7500       2.2500     806.0000       0.1221     382.5069       0.2861       1.0000
      -3.7500       2.7500     707.0000       0.0817     380.8634       0.1722       1.0000
      -3.7500       3.2500     953.0000       0.2221     392.8618       0.0501       1.0000
      -3.7500       3.7500     771.0000       0.2556     402.7863       0.5143       1.0000
      -3.7500       4.2500     390.0000       0.2363     377.9610       0.3904       1.0000
      -3.2500      -4.7500     857.0000       0.2905     409.1457      -0.0552       1.0000
      -3.2500      -4.2500    1523.0000       0.2767     394.1375       0.5941       1.0000
      -3.2500      -3.7500     857.0000       0.2184     396.3333       0.9308       1.0000
      -3.2500      -3.2500     844.0000       0.2133     394.2391       0.8920       1.0000
      -3.2500      -2.7500     758.0000       0.0728     395.6128       1.0377       1.0000
      -3.2500      -2.2500     681.0000       0.0071     393.6126       0.6186       1.0000
      -3.2500      -1.7500     837.0000      -0.0539     358.4431      -0.0668       1.0000
      -3.2500      -1.2500     932.0000      -0.0053     366.3873       0.2098       1.0000
      -3.2500      -0.7500     544.0000      -0.0293     376.5588      -0.4250       1.0000
      -3.2500      -0.2500     476.0000      -0.0575     387.8349      -0.2589       1.0000
      -3.2500       0.2500     396.0000      -0.0043     379.8866      -0.0197       1.0000
      -3.2500       0.7500     603.0000       0.0719     382.7375       0.4059       1.0000
      -3.2500       1.2500     897.0000       0.1735     396.9410       0.3372       1.0000
      -3.2500       1.7500     992.0000       0.1377     399.4248       0.0431       1.0000
      -3.2500       2.2500    1002.0000       0.1047     384.2677       0.0779       1.0000
      -3.2500       2.7500    1058.0000       0.1295     386.2911       0.6907       1.0000
      -3.2500       3.2500    1361.0000       0.1760     387.5082       0.5258       1.0000
      -3.2500       3.7500    1378.0000       0.1444     382.0227       0.3745       1.0000
      -3.2500       4.2500     763.0000       0.1917     376.2906      -0.0530       1.0000
      -3.2500       4.7500     399.0000       0.2467     412.7033       0.2482       1.0000
      -2.7500      -5.2500      34.0000       0.3043     437.7206      -0.8929       1.0000
      -2.7500      -4.7500    1591.0000       0.2758     397.3475       0.4309       1.0000
      -2.7500      -4.2500    1034.0000       0.2901     408.6402       0.4856       1.0000
      -2.7500      -3.7500     716.0000       0.2204     393.9832       0.7748       1.0000
      -2.7500      -3.2500     842.0000       0.1579     388.8498       0.7601       1.0000
      -2.7500      -2.7500     755.0000       0.0584     380.0327       0.6435       1.0000
      -2.7500      -2.2500     873.0000       0.0657     387.5419       0.7197       1.0000
      -2.7500      -1.7500    1032.0000       0.0243     391.2490       0.6377       1.0000
      -2.7500      -1.2500    1046.0000      -0.0115     390.9443       0.4559       1.0000
      -2.7500       1.2500    1072.0000       0.1991     390.7756       0.5917       1.0000
      -2.7500       1.7500     917.0000       0.2032     404.0005       0.5659       1.0000
      -2.7500       2.2500     707.0000       0.0968     395.1747       0.1741       1.0000
      -2.7500       2.7500     680.0000       0.1421     390.6134       0.7825       1.0000
      -2.7500       3.2500     764.0000       0.1183     399.1929       0.0438       1.0000
      -2.7500       3.7500    1199.0000       0.1668     402.2028       0.6876       1.0000
      -2.7500       4.2500    1725.0000       0.1656     386.8997       0.5415       1.0000
      -2.7500       4.7500     583.0000       0.2124     360.2607       0.4041       1.0000
      -2.7500       5.2500     245.0000       0.2870     404.9792       0.5647       1.0000
      -2.2500      -5.2500     502.0000       0.1580     385.7131      -0.2136       1.0000
      -2.2500      -4.7500    1456.0000       0.2598     385.6602       0.1583       1.0000
      -2.2500      -4.2500     869.0000       0.2505     382.3422       0.6068       1.0000
      -2.2500      -3.7500     857.0000       0.0610     387.4569       0.8417       1.0000
      -2.2500      -3.2500     966.0000       0.0406     380.1387       0.3075       1.0000
      -2.2500      -2.7500     919.0000      -0.0171     372.8765       0.1320       1.0000
      -2.2500      -2.2500    1024.0000      -0.0651     379.2407       0.6322       1.0000
      -2.2500       2.2500    1162.0000       0.1749     388.0450       0.5478       1.0000
      -2.2500       2.7500     878.0000       0.1742     368.6659       0.6178       1.0000
      -2.2500       3.2500     818.0000       0.1701     386.9148       0.5836       1.0000
      -2.2500       3.7500     754.0000       0.1532     387.5463       0.6810       1.0000
      -2.2500       4.2500    2170.0000       0.1611     392.9740       0.0978       1.0000
      -2.2500       4.7500     696.0000       0.1526     390.4733       0.3746       1.0000
      -2.2500       5.2500     676.0000       0.2377     365.8615       0.6105       1.0000
      -1.7500      -5.2500    1030.0000       0.1190     375.4783       0.2292       1.0000
      -1.7500      -4.7500    1222.0000       0.1775     374.6998       0.6089       1.0000
      -1.7500      -4.2500     829.0000       0.1361     390.7145       0.3074       1.0000
      -1.7500      -3.7500     935.0000       0.0872     369.6689      -0.0158       1.0000
      -1.7500      -3.2500     948.0000       0.0681     380.7949       0.2085       1.0000
      -1.7500      -2.7500     915.0000      -0.0539     375.1456       0.3184       1.0000
      -1.7500       2.7500     771.0000       0.1847     381.7381       0.4937       1.0000
      -1.7500       3.2500     900.0000       0.2185     395.4267       0.3073       1.0000
      -1.7500       3.7500     845.0000       0.1209     401.9872       0.3361       1.0000
      -1.7500       4.2500    1234.0000       0.1556     384.9270       0.1451       1.0000
      -1.7500       4.7500    2331.0000       0.1492     389.6895       0.1535       1.0000
      -1.7500       5.2500     715.0000       0.2352     378.4063       0.6962       1.0000
      -1.2500      -5.7500     123.0000       0.0459     367.4569       1.0524       1.0000
      -1.2500      -5.2500    1239.0000       0.1138     380.0068       1.0062       1.0000
      -1.2500      -4.7500    1036.0000       0.1786     382.0859       0.5316       1.0000
      -1.2500      -4.2500     891.0000       0.0859     382.3982       0.1253       1.0000
      -1.2500      -3.7500    1054.0000       0.0878     382.3047       0.7483       1.0000
      -1.2500      -3.2500    1010.0000       0.0600     379.6771       0.4188       1.0000
      -1.2500      -2.7500     868.0000      -0.0403     374.3647      -0.0365       1.0000
      -1.2500       2.7500     967.0000       0.2166     391.9922       0.3456       1.0000
      -1.2500       3.2500     927.0000       0.1811     383.4710       0.4574       1.0000
      -1.2500       3.7500     873.0000       0.0761     378.3283       0.4675       1.0000
      -1.2500       4.2500    1032.0000       0.1498     385.8636      -0.1459       1.0000
      -1.2500       4.7500    2640.0000       0.1612     391.0208       0.2377       1.0000
      -1.2500       5.2500     876.0000       0.1947     377.1620       0.0796       1.0000
      -1.2500       5.7500     181.0000       0.2043     424.3713       0.7871       1.0000
      -0.7500      -5.7500     378.0000       0.0192     353.4942       2.1438       1.0000
      -0.7500      -5.2500    1082.0000       0.1615     390.0293       0.4382       1.0000
      -0.7500      -4.7500    1095.0000       0.0565     372.1922       0.3223       1.0000
      -0.7500      -4.2500    1155.0000       0.0355     380.2495       0.9371       1.0000
      -0.7500      -3.7500     872.0000       0.1152     361.7255      -0.2090       1.0000
      -0.7500      -3.2500     917.0000       0.1338     386.9333       0.5736       1.0000
      -0.7500       3.2500     662.0000       0.1082     385.9082       0.0766       1.0000
      -0.7500       3.7500     991.0000       0.1633     389.6362      -0.1679       1.0000
      -0.7500       4.2500    1107.0000       0.0702     378.8105       0.0266       1.0000
      -0.7500       4.7500    1957.0000       0.1625     394.4098       0.1393       1.0000
      -0.7500       5.2500    1670.0000       0.1556     387.1963       0.3004       1.0000
      -0.7500       5.7500     278.0000       0.1881     412.7299       0.7696       1.0000
      -0.2500      -5.7500     596.0000       0.0533     359.8988       1.3310       1.0000
      -0.2500      -5.2500    1177.0000       0.1183     372.8940       0.0672       1.0000
      -0.2500      -4.7500    1113.0000      -0.0101     376.0949       0.8157       1.0000
      -0.2500      -4.2500     803.0000       0.1174     363.1179       0.6218       1.0000
      -0.2500      -3.7500     848.0000       0.1072     387.2652       0.6845       1.0000
      -0.2500      -3.2500     874.0000       0.1115     380.3994       0.2169       1.0000
      -0.2500       3.2500     973.0000       0.1057     393.7240      -0.1673       1.0000
      -0.2500       3.7500     739.0000       0.1225     374.0857      -0.3903       1.0000
      -0.2500       4.2500     977.0000       0.1171     402.5950      -0.1429       1.0000
      -0.2500       4.7500    1855.0000       0.1562     380.9865       0.1985       1.0000
      -0.2500       5.2500    1699.0000       0.1308     397.7474       0.0410       1.0000
      -0.2500       5.7500     470.0000       0.2091     399.0040       0.6845       1.0000
       0.2500      -5.7500     642.0000       0.0953     353.4738       1.0502       1.0000
       0.2500      -5.2500    1529.0000       0.0640     383.7107       0.5795       1.0000
       0.2500      -4.7500     946.0000       0.0435     360.9499       0.7136       1.0000
       0.2500      -4.2500     591.0000       0.0562     375.5115       0.5049       1.0000
       0.2500      -3.7500     857.0000       0.1242     371.7975       0.8744       1.0000
       0.2500      -3.2500     972.0000       0.0641     378.8377       0.6227       1.0000
       0.2500       3.2500     872.0000       0.0978     392.6617      -0.0819       1.0000
       0.2500       3.7500    1027.0000       0.0636     409.4216       0.1397       1.0000
       0.2500       4.2500    1130.0000       0.1541     384.1568       0.0331       1.0000
       0.2500       4.7500    1532.0000       0.1651     401.2514      -0.1548       1.0000
       0.2500       5.2500    1547.0000       0.1046     384.4261       0.3278       1.0000
       0.2500       5.7500     673.0000       0.2144     398.9354       0.5766       1.0000
       0.7500      -5.7500     777.0000       0.0482     380.2602       0.8385       1.0000
       0.7500      -5.2500    1582.0000       0.0774     371.3008       0.5828       1.0000
       0.7500      -4.7500     809.0000       0.0456     376.1077       0.5951       1.0000
       0.7500      -4.2500     609.0000       0.0587     367.2458       0.9942       1.0000
       0.7500      -3.7500     777.0000       0.1425     367.3892       0.5351       1.0000
       0.7500      -3.2500    1003.0000       0.0516     380.0755       0.4813       1.0000
       0.7500       3.2500    1032.0000       0.0474     401.8086       0.2310       1.0000
       0.7500       3.7500    1143.0000       0.1135     400.2105       0.3683       1.0000
       0.7500       4.2500    1082.0000       0.1660     415.4274       0.2778       1.0000
       0.7500       4.7500    1318.0000       0.1490     388.6166      -0.0289       1.0000
       0.7500       5.2500    1702.0000       0.1141     381.2327       0.0578       1.0000
       0.7500       5.7500     605.0000       0.2092     422.3190       0.3182       1.0000
       1.2500      -5.7500     716.0000       0.0326     380.7979       0.4433       1.0000
       1.2500      -5.2500    1699.0000       0.0592     364.3421       0.9724       1.0000
       1.2500      -4.7500     922.0000       0.1122     372.8747       0.4604       1.0000
       1.2500      -4.2500     822.0000       0.1893     371.9348       0.9300       1.0000
       1.2500      -3.7500     876.0000       0.1124     380.2062       0.6625       1.0000
       1.2500      -3.2500     961.0000       0.0706     388.0072       0.6388       1.0000
       1.2500      -2.7500    1060.0000      -0.0098     383.0667       0.5937       1.0000
       1.2500       2.7500     793.0000      -0.0476     379.3284       0.0089       1.0000
       1.2500       3.2500    1075.0000       0.0755     409.9680       0.3159       1.0000
       1.2500       3.7500    1076.0000       0.1136     414.0541       0.4366       1.0000
       1.2500       4.2500    1124.0000       0.1151     410.5673       0.3111       1.0000
       1.2500       4.7500     894.0000       0.0767     384.1605       0.6184       1.0000
       1.2500       5.2500    2034.0000       0.1256     394.2949       0.0282       1.0000
       1.2500       5.7500      76.0000       0.1749     434.0421       0.5278       1.0000
       1.7500      -5.2500    1642.0000       0.0280     371.4634       0.7807       1.0000
       1.7500      -4.7500    1299.0000       0.0839     372.0195       0.9833       1.0000
       1.7500      -4.2500     860.0000       0.1358     362.4579       1.1885       1.0000
       1.7500      -3.7500     813.0000       0.1737     389.0962       0.6025       1.0000
       1.7500      -3.2500     941.0000       0.0926     387.2405       0.7281       1.0000
       1.7500      -2.7500    1037.0000       0.0054     379.8289       0.5936       1.0000
       1.7500       2.7500     863.0000       0.0213     399.4333       0.2705       1.0000
       1.7500       3.2500     886.0000       0.0567     410.4620       0.6487       1.0000
       1.7500       3.7500    1137.0000       0.0557     387.1748       0.1997       1.0000
       1.7500       4.2500    1079.0000       0.0956     410.7858       0.9356       1.0000
       1.7500       4.7500    1374.0000       0.0917     391.3825       0.4490       1.0000
       1.7500       5.2500    1634.0000       0.1192     396.3467       0.0172       1.0000
       2.2500      -5.2500    1633.0000       0.0188     376.1581       0.8454       1.0000
       2.2500      -4.7500     955.0000       0.0633     356.4175       0.6206       1.0000
       2.2500      -4.2500     878.0000       0.1944     367.7276       0.5617       1.0000
       2.2500      -3.7500     871.0000       0.1062     370.0639       0.5321       1.0000
       2.2500      -3.2500     924.0000       0.0684     375.3778       0.8714       1.0000
       2.2500      -2.7500    1042.0000       0.1578     405.4315       0.6165       1.0000
       2.2500      -2.2500    1016.0000       0.1861     395.4924       0.8595       1.0000
       2.2500       2.2500    1134.0000       0.0945     395.7186       0.5462       1.0000
       2.2500       2.7500     995.0000       0.1064     399.4300       0.3362       1.0000
       2.2500       3.2500    1005.0000       0.1024     381.5836       0.5376       1.0000
       2.2500       3.7500    1114.0000       0.0655     403.5505       0.2814       1.0000
       2.2500       4.2500    1335.0000       0.0618     399.4085       0.4167       1.0000
       2.2500       4.7500    1606.0000       0.0857     396.7933       0.6254       1.0000
       2.2500       5.2500     740.0000       0.0904     392.4454       0.1576       1.0000
       2.7500      -5.2500     538.0000       0.0169     362.1658       0.7039       1.0000
       2.7500      -4.7500    1466.0000       0.0223     374.2366       0.5541       1.0000
       2.7500      -4.2500     760.0000       0.1346     365.1534       0.4631       1.0000
       2.7500      -3.7500     766.0000       0.0476     380.2560       0.5874       1.0000
       2.7500      -3.2500    1030.0000       0.0716     375.8924       0.4162       1.0000
       2.7500      -2.7500     947.0000       0.1025     389.0681       0.2393       1.0000
       2.7500      -2.2500     899.0000       0.1123     389.1252       0.6292       1.0000
       2.7500      -1.7500    1045.0000       0.1524     377.4925       0.4030       1.0000
       2.7500      -1.2500    1004.0000       0.1701     390.4050       0.6083       1.0000
       2.7500       1.2500    1130.0000       0.0869     387.9980       0.5561       1.0000
       2.7500       1.7500    1088.0000      -0.0202     387.0688       0.5124       1.0000
       2.7500       2.2500     934.0000      -0.0161     387.0354       0.4523       1.0000
       2.7500       2.7500     879.0000       0.0039     397.0857       0.6385       1.0000
       2.7500       3.2500    1048.0000      -0.0464     369.7237       0.5417       1.0000
       2.7500       3.7500    1177.0000      -0.0091     397.0945       0.7579       1.0000
       2.7500       4.2500    1230.0000       0.0515     391.2222       0.5420       1.0000
       2.7500       4.7500    1710.0000       0.1044     402.1347       0.1776       1.0000
       2.7500       5.2500       4.0000       0.0636     380.1750      -1.7275       1.0000
       3.2500      -4.7500    1258.0000       0.0242     382.6169       0.7922       1.0000
       3.2500      -4.2500     916.0000       0.0793     354.0766       0.3609       1.0000
       3.2500      -3.7500     737.0000       0.0164     379.0484       0.7301       1.0000
       3.2500      -3.2500    1067.0000       0.0040     370.0577       0.9775       1.0000
       3.2500      -2.7500     936.0000       0.0736     370.4674       0.6791       1.0000
       3.2500      -2.2500     817.0000       0.0629     381.3062       0.8659       1.0000
       3.2500      -1.7500     967.0000       0.1361     365.6145       0.6166       1.0000
       3.2500      -1.2500     818.0000       0.1650     377.0423       0.6173       1.0000
       3.2500      -0.7500     875.0000       0.1569     387.7297       0.6830       1.0000
       3.2500      -0.2500    1038.0000       0.1578     404.8959       0.7259       1.0000
       3.2500       0.2500    1086.0000       0.1493     389.3343      -0.1170       1.0000
       3.2500       0.7500     968.0000       0.1291     391.3594      -0.0783       1.0000
       3.2500       1.2500    1033.0000       0.0396     388.3830       0.1562       1.0000
       3.2500       1.7500     815.0000       0.0026     401.7574       0.6516       1.0000
       3.2500       2.2500     883.0000       0.0311     389.4963       0.2958       1.0000
       3.2500       2.7500     793.0000       0.0334     397.1811       0.6274       1.0000
       3.2500       3.2500     919.0000       0.0242     377.5681      -0.0886       1.0000
       3.2500       3.7500    1220.0000       0.0487     417.1183       0.4642       1.0000
       3.2500       4.2500    1656.0000       0.1053     396.4782       0.0287       1.0000
       3.2500       4.7500     723.0000       0.1144     398.3479       0.0977       1.0000
       3.7500      -4.2500    1247.0000       0.0316     380.1192       0.9933       1.0000
       3.7500      -3.7500     804.0000       0.0515     381.2923       0.8909       1.0000
       3.7500      -3.2500     804.0000       0.0427     367.0438       0.6666       1.0000
       3.7500      -2.7500     841.0000       0.1213     370.7244       0.5212       1.0000
       3.7500      -2.2500     786.0000       0.1273     373.5724       0.2356       1.0000
       3.7500      -1.7500     733.0000       0.1976     387.3757       0.2921       1.0000
       3.7500      -1.2500     815.0000       0.1650     396.3971       0.8276       1.0000
       3.7500      -0.7500     896.0000       0.0932     399.2242       0.8570       1.0000
       3.7500      -0.2500    1093.0000       0.1970     387.2102       0.1844       1.0000
       3.7500       0.2500     993.0000       0.1757     401.5493       0.8126       1.0000
       3.7500       0.7500     768.0000       0.0954     399.0861       0.3701       1.0000
       3.7500       1.2500     813.0000       0.0205     390.7017       0.3940       1.0000
       3.7500       1.7500     782.0000       0.0150     398.3802       0.4099       1.0000
       3.7500       2.2500     782.0000       0.1175     406.9081       0.0146       1.0000
       3.7500       2.7500     802.0000       0.0845     404.6510       0.5345       1.0000
       3.7500       3.2500    1177.0000       0.0681     383.2314      -0.1743       1.0000
       3.7500       3.7500    1288.0000       0.0547     409.4571       0.6055       1.0000
       3.7500       4.2500    1236.0000       0.0932     385.4439       0.0311       1.0000
       4.2500      -3.7500     947.0000      -0.0438     368.6015       0.6246       1.0000
       4.2500      -3.2500     732.0000      -0.0364     388.1429       0.9431       1.0000
       4.2500      -2.7500     690.0000      -0.0887     387.9241       1.0834       1.0000
       4.2500      -2.2500     698.0000       0.0615     392.6768       0.7558       1.0000
       4.2500      -1.7500     530.0000       0.1369     376.8466       0.6262       1.0000
       4.2500      -1.2500     646.0000       0.1905     369.9808       0.8593       1.0000
       4.2500      -0.7500     645.0000       0.2114     373.3290       0.3016       1.0000
       4.2500      -0.2500     758.0000       0.0511     400.3976       0.8724       1.0000
       4.2500       0.2500     701.0000       0.1409     404.8146       0.5967       1.0000
       4.2500       0.7500     981.0000       0.0917     398.0699       0.6641       1.0000
       4.2500       1.2500     748.0000       0.0900     422.8623       0.7437       1.0000
       4.2500       1.7500     814.0000       0.0600     402.4643       0.2181       1.0000
       4.2500       2.2500     788.0000       0.0363     397.0528       0.4277       1.0000
       4.2500       2.7500    1053.0000       0.0226     398.2436       0.9300       1.0000
       4.2500       3.2500     906.0000      -0.0011     393.2608       0.4463       1.0000
       4.2500       3.7500    1417.0000       0.0252     384.6798      -0.0920       1.0000
       4.7500      -3.2500     750.0000      -0.0550     371.7743       0.3347       1.0000
       4.7500      -2.7500    1057.0000      -0.0500     377.2254       0.6923       1.0000
       4.7500      -2.2500     825.0000       0.0144     372.7828       0.7483       1.0000
       4.7500      -1.7500     575.0000       0.0515     385.1927       0.5020       1.0000
       4.7500      -1.2500     551.0000       0.1172     370.9238       0.4702       1.0000
       4.7500      -0.7500     506.0000       0.0563     370.8721       0.2458       1.0000
       4.7500      -0.2500     522.0000       0.1090     404.2077      -0.0033       1.0000
       4.7500       0.2500     818.0000       0.0284     397.0034       0.6638       1.0000
       4.7500       0.7500     780.0000       0.0923     409.0144       1.0460       1.0000
       4.7500       1.2500     907.0000       0.0556     405.9916       0.8206       1.0000
       4.7500       1.7500     877.0000       0.1106     401.6756       0.4123       1.0000
       4.7500       2.2500     844.0000       0.0754     395.1803       0.0909       1.0000
       4.7500       2.7500    1230.0000       0.0248     389.6951       0.0112       1.0000
       4.7500       3.2500    1237.0000       0.0224     394.3008      -0.0874       1.0000
       5.2500      -2.7500     439.0000      -0.1900     387.9897       0.5753       1.0000
       5.2500      -2.2500     956.0000      -0.1433     389.1288       1.0375       1.0000
       5.2500      -1.7500    1119.0000      -0.1360     374.3962       0.7170       1.0000
       5.2500      -1.2500     827.0000      -0.0409     384.6180       0.5162       1.0000
       5.2500      -0.7500     598.0000       0.0869     382.2415       0.4765       1.0000
       5.2500      -0.2500     710.0000       0.0493     392.8618       1.0118       1.0000
       5.2500       0.2500     689.0000       0.0173     401.5206       0.8484       1.0000
       5.2500       0.7500     825.0000      -0.0152     394.6482       0.4086       1.0000
       5.2500       1.2500     830.0000       0.0326     398.3888      -0.0365       1.0000
       5.2500       1.7500    1069.0000      -0.0233     414.3680       0.2342       1.0000
       5.2500       2.2500    1198.0000       0.0048     410.9659       0.0133       1.0000
       5.2500       2.7500     493.0000       0.0657     423.0665      -0.1776       1.0000
       5.7500      -1.2500     711.0000      -0.1967     384.6187       0.3187       1.0000
       5.7500      -0.7500     809.0000      -0.1888     376.9791       0.5253       1.0000
       5.7500      -0.2500     770.0000      -0.0371     375.1800       0.7888       1.0000
       5.7500       0.2500     720.0000      -0.0851     375.6713       0.6935       1.0000
       5.7500       0.7500     616.0000      -0.0331     381.8985       0.6211       1.0000
       5.7500       1.2500     506.0000      -0.0909     392.8119       1.2586       1.0000
      -5.7500      -1.2500     785.0000       0.1225     396.7433       0.1789       1.0000
      -5.7500      -0.7500     278.0000       0.0740     402.1367       0.0508       1.0000
      -5.7500      -0.2500     162.0000      -0.1276     340.2321      -0.2353       1.0000
      -5.7500       0.2500     283.0000       0.0557     364.1640      -0.5066       1.0000
      -5.7500       0.7500     553.0000       0.0464     389.7389      -0.2514       1.0000
      -5.7500       1.2500    1052.0000       0.0972     403.7442      -0.0367       1.0000
      -5.2500      -2.7500     615.0000       0.0567     356.8995      -0.0946       1.0000
      -5.2500      -2.2500    1500.0000       0.0655     375.7383      -0.0214       1.0000
      -5.2500      -1.7500    1748.0000       0.0649     377.9630       0.3094       1.0000
      -5.2500      -1.2500    1369.0000       0.0316     388.4427       0.1471       1.0000
      -5.2500      -0.7500    1151.0000      -0.0269     389.2633       0.5895       1.0000
      -5.2500      -0.2500     862.0000       0.0045     386.6691       0.4938       1.0000
      -5.2500       0.2500     821.0000       0.0156     380.1837       0.1155       1.0000
      -5.2500       0.7500    1097.0000      -0.0500     384.2319       0.1860       1.0000
      -5.2500       1.2500    1584.0000      -0.0106     394.4257       0.0225       1.0000
      -5.2500       1.7500    2097.0000       0.0611     402.1018       0.1098       1.0000
      -5.2500       2.2500    1476.0000       0.0257     405.5688      -0.0328       1.0000
      -5.2500       2.7500     331.0000       0.0215     407.8453       0.3880       1.0000
      -4.7500      -3.2500    1727.0000       0.0231     375.4028       0.1280       1.0000
      -4.7500      -2.7500    1499.0000       0.0761     381.6650       0.2284       1.0000
      -4.7500      -2.2500    1710.0000       0.0345     394.0699       0.4027       1.0000
      -4.7500      -1.7500    1731.0000      -0.0500     395.0248       0.7890       1.0000
      -4.7500      -1.2500    1562.0000      -0.0512     392.2391       0.6144       1.0000
      -4.7500      -0.7500     988.0000      -0.1377          NaN          NaN       1.0000
      -4.7500      -0.2500     910.0000      -0.0864     383.3777       0.6803       1.0000
      -4.7500       0.2500     808.0000      -0.0699     412.4254       1.3901       1.0000
      -4.7500       0.7500     676.0000       0.0266     398.8512       0.2671       1.0000
      -4.7500       1.2500     915.0000      -0.0256     385.6489       0.6908       1.0000
      -4.7500       1.7500    1210.0000      -0.0454     380.8902       0.6205       1.0000
      -4.7500       2.2500    1519.0000       0.0580     396.4680       0.4967       1.0000
      -4.7500       2.7500    1874.0000       0.1145     403.7166       0.3421       1.0000
      -4.7500       3.2500     990.0000       0.0980     386.6388       0.0771       1.0000
      -4.2500      -3.7500    1829.0000       0.0444     384.2228       0.0212       1.0000
      -4.2500      -3.2500    1555.0000       0.0616     399.7866       1.4029       1.0000
      -4.2500      -2.7500    1563.0000       0.0595     406.5271       0.9120       1.0000
      -4.2500      -2.2500    1132.0000      -0.0639     396.7324       0.5096       1.0000
      -4.2500      -1.7500    1023.0000       0.0800     395.5741       0.3683       1.0000
      -4.2500      -1.2500     843.0000      -0.0399     391.1359       0.4297       1.0000
      -4.2500      -0.7500     449.0000      -0.0543     391.1597       0.1553       1.0000
      -4.2500      -0.2500     588.0000      -0.0917     389.6913       0.2343       1.0000
      -4.2500       0.2500     464.0000      -0.0593     377.9884       0.2859       1.0000
      -4.2500       0.7500     359.0000      -0.1135     419.4331       0.9630       1.0000
      -4.2500       1.2500     892.0000      -0.0328     413.5389       0.5486       1.0000
      -4.2500       1.7500    1360.0000       0.0190     392.1912       0.0311       1.0000
      -4.2500       2.2500    1376.0000      -0.0083     381.3166       0.2308       1.0000
      -4.2500       2.7500    1696.0000       0.0795     386.4271       0.3184       1.0000
      -4.2500       3.2500    2188.0000       0.1021     397.8301       0.4131       1.0000
      -4.2500       3.7500    1346.0000       0.0626     376.8142       0.1203       1.0000
      -3.7500      -4.2500    1747.0000       0.1043     390.5836       0.2454       1.0000
      -3.7500      -3.7500    2111.0000       0.0865          NaN          NaN       1.0000
      -3.7500      -3.2500    1133.0000       0.0873     384.7856       0.6437       1.0000
      -3.7500      -2.7500    1354.0000       0.0215     389.8051       0.2401       1.0000
      -3.7500      -2.2500    1114.0000      -0.0371     380.2310       0.0725       1.0000
      -3.7500      -1.7500    1203.0000      -0.0545     376.9570       0.4384       1.0000
      -3.7500      -1.2500     707.0000      -0.0255     387.5444       0.5049       1.0000
      -3.7500      -0.7500     445.0000       0.0015     398.3106       0.3532       1.0000
      -3.7500      -0.2500     342.0000      -0.1635     397.5661       0.0799       1.0000
      -3.7500       0.2500     540.0000      -0.1211     388.3659      -0.1322       1.0000
      -3.7500       0.7500     658.0000      -0.0970     390.0815       0.0080       1.0000
      -3.7500       1.2500     722.0000      -0.0536     388.2698       0.5332       1.0000
      -3.7500       1.7500    1202.0000      -0.0123     396.6610       0.3822       1.0000
      -3.7500       2.2500    1250.0000      -0.0059     392.9538       0.4906       1.0000
      -3.7500       2.7500    1316.0000       0.0328     403.7383       0.1798       1.0000
      -3.7500       3.2500    1479.0000       0.0836     403.0472       0.3915       1.0000
      -3.7500       3.7500    1675.0000       0.1063     413.8624       0.2663       1.0000
      -3.7500       4.2500    1323.0000       0.0913     376.0804       0.0517       1.0000
      -3.2500      -4.7500    1520.0000       0.1216     391.0888       0.3380       1.0000
      -3.2500      -4.2500    2276.0000       0.0727     385.5728       0.3617       1.0000
      -3.2500      -3.7500    1653.0000       0.0746     398.0588       0.7321       1.0000
      -3.2500      -3.2500    1354.0000       0.0789     413.5561       0.6700       1.0000
      -3.2500      -2.7500    1295.0000       0.0553     417.1029       0.6945       1.0000
      -3.2500      -2.2500    1058.0000      -0.0308     408.6455       0.7525       1.0000
      -3.2500      -1.7500    1100.0000      -0.0059     390.6978       0.3400       1.0000
      -3.2500      -1.2500     931.0000      -0.0498     386.5689       0.4074       1.0000
      -3.2500      -0.7500     574.0000      -0.1404     370.8862       0.0728       1.0000
      -3.2500      -0.2500     488.0000      -0.1754     386.8922      -0.0000       1.0000
      -3.2500       0.2500     584.0000      -0.1520     396.3916       0.3212       1.0000
      -3.2500       0.7500     752.0000      -0.0618     377.1024      -0.0221       1.0000
      -3.2500       1.2500     855.0000       0.0347     404.6202       0.5071       1.0000
      -3.2500       1.7500     960.0000       0.0051     414.5967       0.5959       1.0000
      -3.2500       2.2500    1222.0000      -0.0065     385.4340       0.1049       1.0000
      -3.2500       2.7500    1384.0000      -0.0031     395.0829       0.1288       1.0000
      -3.2500       3.2500    1520.0000       0.0453     396.3968       0.6386       1.0000
      -3.2500       3.7500    1723.0000       0.0866     395.5462       0.3221       1.0000
      -3.2500       4.2500    1668.0000       0.0686     399.9977       0.3432       1.0000
      -3.2500       4.7500    1113.0000       0.1663     404.9533       0.4745       1.0000
      -2.7500      -5.2500     390.0000       0.1755     422.4474       0.3994       1.0000
      -2.7500      -4.7500    2758.0000       0.0898     388.4179       0.2448       1.0000
      -2.7500      -4.2500    1629.0000       0.0046     412.1437       0.7578       1.0000
      -2.7500      -3.7500    1307.0000       0.0822     379.9884       0.3280       1.0000
      -2.7500      -3.2500    1122.0000       0.0436     376.2035       0.4626       1.0000
      -2.7500      -2.7500    1081.0000      -0.0312     376.8212       0.2741       1.0000
      -2.7500      -2.2500    1062.0000      -0.0618     376.8602       0.0460       1.0000
      -2.7500      -1.7500    1003.0000      -0.0866     376.3456       0.6744       1.0000
      -2.7500      -1.2500     894.0000      -0.1222     395.0701       0.5311       1.0000
      -2.7500       1.2500     886.0000       0.0125     374.4290       0.5409       1.0000
      -2.7500       1.7500     881.0000       0.0296     407.5126       1.0153       1.0000
      -2.7500       2.2500     992.0000       0.0424     387.9845       0.4626       1.0000
      -2.7500       2.7500    1112.0000      -0.0403     398.5120       0.2812       1.0000
      -2.7500       3.2500    1095.0000       0.0181     389.4190       0.5270       1.0000
      -2.7500       3.7500    1428.0000       0.0302     407.0671       0.3320       1.0000
      -2.7500       4.2500    1865.0000       0.0724     390.0918       0.0780       1.0000
      -2.7500       4.7500    1490.0000       0.1066     393.8094       0.6373       1.0000
      -2.7500       5.2500     614.0000       0.1605     405.7653       0.8030       1.0000
      -2.2500      -5.2500    1665.0000       0.1092     406.3598       0.5698       1.0000
      -2.2500      -4.7500    2158.0000       0.0627     382.6207       0.3213       1.0000
      -2.2500      -4.2500    1588.0000       0.0257     389.9369       0.4438       1.0000
      -2.2500      -3.7500    1317.0000       0.0479     388.5616       0.4745       1.0000
      -2.2500      -3.2500     999.0000      -0.0401     404.2212       0.8839       1.0000
      -2.2500      -2.7500    1081.0000      -0.0577     386.5628       0.4763       1.0000
      -2.2500      -2.2500    1081.0000      -0.0764     382.6121       0.5171       1.0000
      -2.2500       2.2500     976.0000       0.0785     380.7352       0.3249       1.0000
      -2.2500       2.7500     961.0000       0.0614     391.4509       0.3230       1.0000
      -2.2500       3.2500     984.0000       0.1021     395.0893       0.6686       1.0000
      -2.2500       3.7500    1074.0000       0.0799     419.7559       1.0365       1.0000
      -2.2500       4.2500    1971.0000       0.0604     398.2833       0.3868       1.0000
      -2.2500       4.7500    1713.0000       0.0680     403.4874       0.3074       1.0000
      -2.2500       5.2500    1151.0000       0.2098     389.4074       0.1509       1.0000
      -1.7500      -5.2500    2463.0000       0.0714     390.3887       0.4042       1.0000
      -1.7500      -4.7500    2000.0000       0.0592     389.2509       0.6572       1.0000
      -1.7500      -4.2500    1333.0000       0.0436     396.5528       0.2172       1.0000
      -1.7500      -3.7500    1344.0000       0.0604     365.7069       0.0288       1.0000
      -1.7500      -3.2500     934.0000       0.0188     376.5024       0.9165       1.0000
      -1.7500      -2.7500    1118.0000      -0.0784     377.5182       0.2598       1.0000
      -1.7500       2.7500    1295.0000       0.1226     390.9632       0.3429       1.0000
      -1.7500       3.2500    1255.0000       0.1297     394.4092       0.6238       1.0000
      -1.7500       3.7500    1158.0000       0.1092     400.8287       0.5816       1.0000
      -1.7500       4.2500    1393.0000       0.0756     385.7730       0.4743       1.0000
      -1.7500       4.7500    2519.0000       0.0563     404.0645       0.4529       1.0000
      -1.7500       5.2500    1112.0000       0.1965     395.5399       0.2451       1.0000
      -1.2500      -5.7500     906.0000       0.0771     414.0740       1.5714       1.0000
      -1.2500      -5.2500    2787.0000       0.0361     389.7844       0.1796       1.0000
      -1.2500      -4.7500    1592.0000       0.0236     373.2223       0.1200       1.0000
      -1.2500      -4.2500    1387.0000       0.0500     379.2024      -0.0099       1.0000
      -1.2500      -3.7500    1124.0000       0.0288     367.0335       0.4015       1.0000
      -1.2500      -3.2500     839.0000      -0.0463     366.7142       0.5055       1.0000
      -1.2500      -2.7500     908.0000      -0.1312     393.0753       0.0615       1.0000
      -1.2500       2.7500    1258.0000       0.0495     381.3127      -0.2100       1.0000
      -1.2500       3.2500    1162.0000       0.0988     395.1898       0.2022       1.0000
      -1.2500       3.7500    1022.0000       0.1157     406.0954       0.2216       1.0000
      -1.2500       4.2500    1512.0000       0.1013     382.3497       0.0498       1.0000
      -1.2500       4.7500    2574.0000       0.0808     397.3382       0.2891       1.0000
      -1.2500       5.2500    1081.0000       0.1503     389.7042       0.3273       1.0000
      -1.2500       5.7500     601.0000       0.1711     400.2707      -0.2594       1.0000
      -0.7500      -5.7500    1470.0000       0.0207     406.3473       1.4934       1.0000
      -0.7500      -5.2500    2502.0000       0.0614     389.0596       0.2210       1.0000
      -0.7500      -4.7500    2076.0000       0.0406     376.7319       0.1274       1.0000
      -0.7500      -4.2500    1204.0000       0.0259     362.8341       0.1827       1.0000
      -0.7500      -3.7500     771.0000      -0.0442     376.4215       0.1472       1.0000
      -0.7500      -3.2500     749.0000      -0.0417     390.7071       0.6356       1.0000
      -0.7500       3.2500     910.0000       0.0878     399.6918       0.3392       1.0000
      -0.7500       3.7500    1285.0000       0.0449     377.0496      -0.1163       1.0000
      -0.7500       4.2500    1502.0000       0.1082     388.6154       0.2772       1.0000
      -0.7500       4.7500    2296.0000       0.0785     396.5043       0.1440       1.0000
      -0.7500       5.2500    1542.0000       0.1051     387.9426       0.2467       1.0000
      -0.7500       5.7500     679.0000       0.1699     397.0523      -0.2832       1.0000
      -0.2500      -5.7500    1223.0000       0.0165     401.3273       1.2030       1.0000
      -0.2500      -5.2500    2732.0000       0.0727     387.0705       0.1648       1.0000
      -0.2500      -4.7500    1936.0000       0.0082     375.8159       0.2264       1.0000
      -0.2500      -4.2500    1142.0000       0.0366     376.3511       0.5876       1.0000
      -0.2500      -3.7500     652.0000      -0.0501     403.7794       0.2148       1.0000
      -0.2500      -3.2500     736.0000      -0.0936     380.5654       0.5099       1.0000
      -0.2500       3.2500     939.0000       0.0873     392.7458       0.1254       1.0000
      -0.2500       3.7500    1074.0000       0.1095     385.2783       0.3382       1.0000
      -0.2500       4.2500    1564.0000       0.0537     387.5414       0.4071       1.0000
      -0.2500       4.7500    2073.0000       0.0757     390.6996       0.2331       1.0000
      -0.2500       5.2500    1717.0000       0.0820     394.0836       0.2604       1.0000
      -0.2500       5.7500     965.0000       0.1227     411.5351      -0.0970       1.0000
       0.2500      -5.7500    1505.0000      -0.0234     393.4260       1.1214       1.0000
       0.2500      -5.2500    2914.0000       0.0631     381.7729       0.2720       1.0000
       0.2500      -4.7500    1769.0000       0.0637     386.6437       0.4617       1.0000
       0.2500      -4.2500     882.0000       0.0025     387.6644       0.3673       1.0000
       0.2500      -3.7500     936.0000       0.0399     372.0907       0.5306       1.0000
       0.2500      -3.2500     711.0000      -0.1142     385.9803       0.5528       1.0000
       0.2500       3.2500    1344.0000       0.0654     396.0520       0.3055       1.0000
       0.2500       3.7500    1181.0000       0.0953     394.2858       0.2957       1.0000
       0.2500       4.2500    1227.0000       0.1170     390.7397       0.0979       1.0000
       0.2500       4.7500    2033.0000       0.0364     397.4615       0.1333       1.0000
       0.2500       5.2500    1764.0000       0.0323     394.9706       0.3387       1.0000
       0.2500       5.7500    1059.0000       0.0882     410.1410       0.3837       1.0000
       0.7500      -5.7500    1339.0000       0.0025     397.2608       0.9046       1.0000
       0.7500      -5.2500    2976.0000       0.0141     371.4888       0.2779       1.0000
       0.7500      -4.7500    1732.0000       0.0028     404.0334       0.6482       1.0000
       0.7500      -4.2500    1219.0000       0.0871     387.8497       0.4489       1.0000
       0.7500      -3.7500     870.0000      -0.0414     378.6028       0.7166       1.0000
       0.7500      -3.2500     821.0000       0.0025     380.3273       0.9181       1.0000
       0.7500       3.2500    1167.0000      -0.0000     396.4417       0.5636       1.0000
       0.7500       3.7500    1249.0000       0.0834     396.2476       0.2721       1.0000
       0.7500       4.2500    1228.0000       0.0738     393.3005       0.2250       1.0000
       0.7500       4.7500    1978.0000       0.0490     399.4011       0.1554       1.0000
       0.7500       5.2500    1874.0000      -0.0350     394.9896       0.5697       1.0000
       0.7500       5.7500    1030.0000       0.0309     411.2614       0.6333       1.0000
       1.2500      -5.7500    1123.0000      -0.0349     373.3514       0.8607       1.0000
       1.2500      -5.2500    2412.0000      -0.0187     385.7045       0.4412       1.0000
       1.2500      -4.7500    2229.0000      -0.0070     385.6947       0.3857       1.0000
       1.2500      -4.2500    1184.0000       0.0411     402.0845       0.6557       1.0000
       1.2500      -3.7500    1082.0000       0.0531     403.3524       0.7372       1.0000
       1.2500      -3.2500     976.0000       0.0151     388.0792       0.6298       1.0000
       1.2500      -2.7500     855.0000      -0.0343     391.6464       0.4394       1.0000
       1.2500       2.7500    1157.0000      -0.0994     376.2142       0.4077       1.0000
       1.2500       3.2500    1228.0000      -0.0088     398.7275       0.5493       1.0000
       1.2500       3.7500    1102.0000       0.0223     386.6219       0.2451       1.0000
       1.2500       4.2500    1206.0000       0.0516     401.3764       0.2222       1.0000
       1.2500       4.7500    1809.0000       0.0393     392.9523       0.3247       1.0000
       1.2500       5.2500    2234.0000       0.0005     393.5491       0.5555       1.0000
       1.2500       5.7500     622.0000       0.0294     404.4220       0.2504       1.0000
       1.7500      -5.2500    2128.0000      -0.0638     379.9680       0.5614       1.0000
       1.7500      -4.7500    2582.0000       0.0307     379.0952       0.1606       1.0000
       1.7500      -4.2500    1514.0000       0.0274     382.7433       0.7162       1.0000
       1.7500      -3.7500    1019.0000       0.0317     384.9208       0.7431       1.0000
       1.7500      -3.2500     940.0000       0.0579     400.7810       1.0163       1.0000
       1.7500      -2.7500     957.0000       0.0717     401.7017       0.4989       1.0000
       1.7500       2.7500    1074.0000      -0.1310     372.7324       0.4008       1.0000
       1.7500       3.2500    1263.0000      -0.0249     399.0968       0.5187       1.0000
       1.7500       3.7500    1366.0000       0.0075     391.0021       0.3425       1.0000
       1.7500       4.2500    1610.0000       0.0306     397.3609       0.3479       1.0000
       1.7500       4.7500    2033.0000      -0.0170     392.3757       0.6842       1.0000
       1.7500       5.2500    1831.0000       0.0711     390.5205       0.0722       1.0000
       2.2500      -5.2500    2090.0000      -0.0571     379.3718       0.6555       1.0000
       2.2500      -4.7500    1887.0000      -0.0076     381.1408       0.2897       1.0000
       2.2500      -4.2500    1677.0000       0.0031     377.8571       0.4031       1.0000
       2.2500      -3.7500    1210.0000       0.0888     380.4331       0.3834       1.0000
       2.2500      -3.2500    1195.0000       0.0972     389.3731       0.7090       1.0000
       2.2500      -2.7500    1022.0000       0.0947     384.5646       0.2666       1.0000
       2.2500      -2.2500    1038.0000       0.1003     388.4996       0.1838       1.0000
       2.2500       2.2500     909.0000      -0.0346     401.9530       0.5672       1.0000
       2.2500       2.7500    1295.0000      -0.0915     389.2914       0.6733       1.0000
       2.2500       3.2500    1435.0000       0.0347     397.8420       0.7666       1.0000
       2.2500       3.7500    1493.0000      -0.0132     388.6451       0.3522       1.0000
       2.2500       4.2500    1685.0000      -0.0340     395.3991       0.5179       1.0000
       2.2500       4.7500    2039.0000       0.0482     388.6951       0.3314       1.0000
       2.2500       5.2500    1311.0000       0.1301     390.6843      -0.1567       1.0000
       2.7500      -5.2500     860.0000      -0.0456     384.2100       1.1565       1.0000
       2.7500      -4.7500    2089.0000      -0.0223     374.8900       0.6623       1.0000
       2.7500      -4.2500    1845.0000      -0.0989     388.5277       0.3795       1.0000
       2.7500      -3.7500    1362.0000       0.0417     396.3366       0.5087       1.0000
       2.7500      -3.2500    1187.0000       0.0770     387.8748       0.6300       1.0000
       2.7500      -2.7500    1058.0000       0.1068     378.3118      -0.1384       1.0000
       2.7500      -2.2500    1018.0000       0.0880     387.7509      -0.0424       1.0000
       2.7500      -1.7500    1234.0000       0.1217     377.0795       0.3239       1.0000
       2.7500      -1.2500    1364.0000       0.1289     389.1165       0.0982       1.0000
       2.7500       1.2500    1007.0000       0.0558     383.5143       0.3192       1.0000
       2.7500       1.7500     927.0000      -0.0166     381.7408       0.3784       1.0000
       2.7500       2.2500     990.0000       0.0165     377.9439       0.1775       1.0000
       2.7500       2.7500    1383.0000      -0.0746     370.5025       0.4137       1.0000
       2.7500       3.2500    1392.0000       0.0047     386.3921       0.5480       1.0000
       2.7500       3.7500    1334.0000      -0.0330     404.6038       0.6626       1.0000
       2.7500       4.2500    1837.0000       0.0046     390.0677       0.2334       1.0000
       2.7500       4.7500    2330.0000       0.0709     398.7067       0.2102       1.0000
       2.7500       5.2500     138.0000      -0.0593     402.5630       0.5830       1.0000
       3.2500      -4.7500    1730.0000      -0.0210     384.9943       1.0231       1.0000
       3.2500      -4.2500    1973.0000      -0.1653     373.2291       0.6368       1.0000
       3.2500      -3.7500    1572.0000      -0.0485     381.8214       0.9693       1.0000
       3.2500      -3.2500    1325.0000       0.0333     384.9859       0.7899       1.0000
       3.2500      -2.7500    1116.0000       0.0314     388.8482       0.7871       1.0000
       3.2500      -2.2500    1120.0000       0.0183     384.9935       0.5940       1.0000
       3.2500      -1.7500    1378.0000       0.0512     375.6774       0.2048       1.0000
       3.2500      -1.2500    1379.0000       0.0881     377.1962       0.1962       1.0000
       3.2500      -0.7500    1021.0000       0.0889     400.6777       0.1800       1.0000
       3.2500      -0.2500    1085.0000       0.0914     393.6155       0.3541       1.0000
       3.2500       0.2500    1063.0000       0.0708     383.4466       0.3514       1.0000
       3.2500       0.7500    1070.0000       0.0785     380.8672       0.3162       1.0000
       3.2500       1.2500    1110.0000       0.0132     393.5622       0.3155       1.0000
       3.2500       1.7500    1110.0000      -0.0147     391.2163       0.5232       1.0000
       3.2500       2.2500     977.0000      -0.0263     395.7434       0.3511       1.0000
       3.2500       2.7500    1495.0000      -0.0619     379.5002       0.5394       1.0000
       3.2500       3.2500    1422.0000       0.0116     392.1532       0.7853       1.0000
       3.2500       3.7500    1477.0000      -0.0101     398.6332       0.1591       1.0000
       3.2500       4.2500    2478.0000       0.0512     397.8764       0.0513       1.0000
       3.2500       4.7500     825.0000       0.0746     381.2856       0.3370       1.0000
       3.7500      -4.2500    1971.0000      -0.0787     384.8252       0.6960       1.0000
       3.7500      -3.7500    2003.0000      -0.1226     401.2697       0.3026       1.0000
       3.7500      -3.2500    1582.0000      -0.0043     394.1357       0.6771       1.0000
       3.7500      -2.7500    1154.0000       0.0096     389.8562       0.6109       1.0000
       3.7500      -2.2500    1028.0000       0.0309     401.9633       0.5940       1.0000
       3.7500      -1.7500     953.0000       0.0611     394.7762       0.1975       1.0000
       3.7500      -1.2500    1155.0000       0.0683     386.2232       0.4035       1.0000
       3.7500      -0.7500    1475.0000       0.0734     395.4388       0.6299       1.0000
       3.7500      -0.2500    1001.0000       0.0455     386.2049       0.2119       1.0000
       3.7500       0.2500     915.0000       0.0828     385.9077       0.4052       1.0000
       3.7500       0.7500     900.0000       0.1004     399.4067       0.4885       1.0000
       3.7500       1.2500     905.0000       0.0394     409.8783       0.6916       1.0000
       3.7500       1.7500     987.0000       0.0278     387.8442      -0.1476       1.0000
       3.7500       2.2500    1279.0000      -0.0333     391.1854      -0.1845       1.0000
       3.7500       2.7500    1696.0000      -0.0310     380.6614       0.2060       1.0000
       3.7500       3.2500    1970.0000      -0.0023     402.4934       0.2057       1.0000
       3.7500       3.7500    2388.0000       0.0220     396.2760       0.0787       1.0000
       3.7500       4.2500    1603.0000       0.0014     386.6977      -0.1008       1.0000
       4.2500      -3.7500    1836.0000      -0.1584     381.0222       0.2715       1.0000
       4.2500      -3.2500    1922.0000      -0.1258     393.0810       0.2574       1.0000
       4.2500      -2.7500    1295.0000      -0.0532     389.9795       0.6163       1.0000
       4.2500      -2.2500    1134.0000      -0.0292     388.1872       0.7984       1.0000
       4.2500      -1.7500     989.0000      -0.0319     392.6522       1.0541       1.0000
       4.2500      -1.2500    1158.0000       0.0137     380.0577       0.6174       1.0000
       4.2500      -0.7500    1395.0000       0.0608     378.9848      -0.1398       1.0000
       4.2500      -0.2500    1465.0000       0.0824     395.2687       0.2350       1.0000
       4.2500       0.2500    1036.0000       0.0855     385.2936       0.1301       1.0000
       4.2500       0.7500    1115.0000       0.0951     404.4223       0.1295       1.0000
       4.2500       1.2500     964.0000       0.0390     411.2279       0.7199       1.0000
       4.2500       1.7500    1452.0000      -0.0019     404.7087       0.1889       1.0000
       4.2500       2.2500    2036.0000      -0.0518     383.1658      -0.1102       1.0000
       4.2500       2.7500    2341.0000      -0.0384     391.2682       0.3099       1.0000
       4.2500       3.2500    2208.0000       0.0107     410.5942       0.1597       1.0000
       4.2500       3.7500    1665.0000      -0.0312     404.8867      -0.0554       1.0000
       4.7500      -3.2500    1340.0000      -0.1821     386.7396       0.3423       1.0000
       4.7500      -2.7500    2214.0000      -0.1338     389.8823       0.5344       1.0000
       4.7500      -2.2500    1357.0000      -0.0627     392.2742       0.5327       1.0000
       4.7500      -1.7500    1000.0000      -0.0661     393.9448       0.3002       1.0000
       4.7500      -1.2500     872.0000      -0.0852     395.0282       0.1224       1.0000
       4.7500      -0.7500    1188.0000      -0.0437     380.5837       0.1447       1.0000
       4.7500      -0.2500    1521.0000       0.0053     384.7095       0.1097       1.0000
       4.7500       0.2500    2339.0000       0.0223     399.1233       0.1296       1.0000
       4.7500       0.7500    2235.0000      -0.0447     391.9173       0.1669       1.0000
       4.7500       1.2500    2796.0000      -0.0629     381.3683      -0.0770       1.0000
       4.7500       1.7500    2904.0000      -0.0730     386.0408       0.1936       1.0000
       4.7500       2.2500    2190.0000      -0.0676     402.2644       0.5074       1.0000
       4.7500       2.7500    1627.0000      -0.0790     405.2459       0.3247       1.0000
       4.7500       3.2500    1200.0000      -0.0130     427.3612      -0.0776       1.0000
       5.2500      -2.7500     618.0000      -0.1588     392.8647       0.0640       1.0000
       5.2500      -2.2500    1968.0000      -0.1314     392.0310       0.5359       1.0000
       5.2500      -1.7500    2223.0000      -0.0724     385.7718       0.4044       1.0000
       5.2500      -1.2500    1698.0000      -0.0224     393.4800       0.3622       1.0000
       5.2500      -0.7500    1388.0000      -0.0548     409.2952       0.6794       1.0000
       5.2500      -0.2500    1399.0000      -0.0794     412.0670       0.7380       1.0000
       5.2500       0.2500    1309.0000      -0.1139     399.4350       0.1379       1.0000
       5.2500       0.7500    1329.0000      -0.0678     405.1080      -0.0300       1.0000
       5.2500       1.2500    1066.0000      -0.0205     429.2983       0.6971       1.0000
       5.2500       1.7500    1002.0000       0.0174     412.8427       0.4822       1.0000
       5.2500       2.2500    1186.0000       0.0192     413.7190       0.3191       1.0000
       5.2500       2.7500     648.0000       0.0399     461.9343       0.0608       1.0000
       5.7500      -1.2500     943.0000      -0.0888     394.7514       0.6967       1.0000
       5.7500      -0.7500    1116.0000      -0.1076     389.1086       1.0904       1.0000
       5.7500      -0.2500    1003.0000      -0.0949     394.8233       1.3432       1.0000
       5.7500       0.2500     719.0000      -0.0339     384.7107       0.4633       1.0000
       5.7500       0.7500     600.0000       0.0208     382.4490       0.2286       1.0000
       5.7500       1.2500     550.0000       0.0114     361.6095      -0.4374       1.0000