      -5.7500      -1.2500     177.0000       0.2698     359.4153       1.5132       0.0000
      -5.7500      -0.7500      55.0000       0.2672     336.4600       0.8795       0.0000
      -5.7500      -0.2500     110.0000       0.3363     365.0209       0.5772       0.0000
      -5.7500       0.2500      86.0000       0.0235     395.6372       3.6165       0.0000
      -5.7500       0.7500     120.0000       0.0198     366.4958       2.7300       0.0000
      -5.7500       1.2500      46.0000      -0.0130     360.7783       2.4976       0.0000
      -5.2500      -2.7500     100.0000       0.4154     356.0360       1.2975       0.0000
      -5.2500      -2.2500     383.0000       0.4141     355.0817       0.9831       0.0000
      -5.2500      -1.7500     271.0000       0.2678     363.7332       1.2842       0.0000
      -5.2500      -1.2500     207.0000       0.2762     374.0783       0.5014       0.0000
      -5.2500      -0.7500     322.0000       0.1253     355.9130       2.1649       0.0000
      -5.2500      -0.2500     285.0000       0.0939     348.0046       2.9691       0.0000
      -5.2500       0.2500     212.0000       0.1518     397.7509       1.9035       0.0000
      -5.2500       0.7500     243.0000       0.2120     373.9045       2.0582       0.0000
      -5.2500       1.2500     382.0000       0.1459     363.6223       0.9419       0.0000
      -5.2500       1.7500     356.0000       0.0937     368.7506       0.7070       0.0000
      -5.2500       2.2500     144.0000      -0.0596     380.7611       1.4149       0.0000
      -5.2500       2.7500      35.0000      -0.3829     447.5371       1.6249       0.0000
      -4.7500      -3.2500     299.0000       0.5026     366.7575       1.6118       0.0000
      -4.7500      -2.7500     340.0000       0.4130     373.1112       1.1811       0.0000
      -4.7500      -2.2500     261.0000       0.2983     382.7762       1.5986       0.0000
      -4.7500      -1.7500     272.0000       0.1543     392.2724       1.8272       0.0000
      -4.7500      -1.2500     402.0000       0.1342     353.5985       1.5968       0.0000
      -4.7500      -0.7500     193.0000       0.0730     359.7150       3.5287       0.0000
      -4.7500      -0.2500     144.0000       0.1344     405.3965       2.0605       0.0000
      -4.7500       0.2500     201.0000       0.0737     363.9831       2.7467       0.0000
      -4.7500       0.7500     214.0000       0.1127     383.2626       2.1591       0.0000
      -4.7500       1.2500     363.0000       0.1733     365.7799       1.5816       0.0000
      -4.7500       1.7500     244.0000       0.1286     384.9230       1.0976       0.0000
      -4.7500       2.2500     241.0000       0.0674     395.4137       1.0623       0.0000
      -4.7500       2.7500     169.0000      -0.1496     411.6166       1.7899       0.0000
      -4.7500       3.2500     119.0000      -0.3174     367.9723       1.9724       0.0000
      -4.2500      -3.7500     483.0000       0.3320     348.8153       0.3551       0.0000
      -4.2500      -3.2500     325.0000       0.2916     362.6748       0.7704       0.0000
      -4.2500      -2.7500     274.0000       0.1779     373.2931       0.5416       0.0000
      -4.2500      -2.2500     268.0000       0.2205     370.2392       1.8180       0.0000
      -4.2500      -1.7500     285.0000       0.1865     354.9470       0.4352       0.0000
      -4.2500      -1.2500     257.0000       0.0848     356.6327       0.9560       0.0000
      -4.2500      -0.7500     140.0000       0.1205     346.3021       1.4583       0.0000
      -4.2500      -0.2500      86.0000      -0.0333     377.6919       1.9652       0.0000
      -4.2500       0.2500     117.0000      -0.0141     366.6692       1.7134       0.0000
      -4.2500       0.7500     150.0000       0.0965     365.6380       1.5369       0.0000
      -4.2500       1.2500     328.0000       0.0209     373.1241       1.5697       0.0000
      -4.2500       1.7500     271.0000       0.0941     347.0749       0.7566       0.0000
      -4.2500       2.2500     255.0000       0.1075     358.5745       0.8420       0.0000
      -4.2500       2.7500     402.0000       0.1164     361.8132       0.9574       0.0000
      -4.2500       3.2500     294.0000       0.1428     401.6340       0.4420       0.0000
      -4.2500       3.7500     164.0000       0.0384     360.5409       1.4019       0.0000
      -3.7500      -4.2500     569.0000       0.3492     362.0666       0.4230       0.0000
      -3.7500      -3.7500     234.0000       0.1585     365.6197       1.2629       0.0000
      -3.7500      -3.2500     150.0000      -0.0101     356.2147       1.5491       0.0000
      -3.7500      -2.7500     300.0000       0.0182     363.6370       1.3435       0.0000
      -3.7500      -2.2500     219.0000       0.0497     349.4297       1.5324       0.0000
      -3.7500      -1.7500     231.0000       0.1102     352.0229       1.1990       0.0000
      -3.7500      -1.2500     394.0000       0.0678     359.3051       1.0106       0.0000
      -3.7500      -0.7500     191.0000       0.0224     339.0649       1.0188       0.0000
      -3.7500      -0.2500     198.0000       0.0874     360.1530       1.1040       0.0000
      -3.7500       0.2500     126.0000       0.1010     382.7984       0.5563       0.0000
      -3.7500       0.7500     199.0000      -0.0039     383.3151       0.3192       0.0000
      -3.7500       1.2500     272.0000       0.0412     388.6434       1.2164       0.0000
      -3.7500       1.7500     285.0000       0.0474     377.2039       1.2274       0.0000
      -3.7500       2.2500     259.0000       0.0682     364.9981       1.8329       0.0000
      -3.7500       2.7500     257.0000       0.0241     377.7148       1.8614       0.0000
      -3.7500       3.2500     314.0000       0.0881     374.7099       1.2886       0.0000
      -3.7500       3.7500     455.0000       0.1966     381.5073       0.3739       0.0000
      -3.7500       4.2500     125.0000      -0.0172     372.9760       1.2577       0.0000
      -3.2500      -4.7500     289.0000       0.4663     364.8896       0.1696       0.0000
      -3.2500      -4.2500     584.0000       0.1733     346.4628       1.0237       0.0000
      -3.2500      -3.7500     346.0000      -0.0023     352.9503       1.0768       0.0000
      -3.2500      -3.2500     233.0000       0.0724     385.1979       1.2628       0.0000
      -3.2500      -2.7500     333.0000      -0.0103     357.1826       1.0074       0.0000
      -3.2500      -2.2500     330.0000      -0.0417     358.5148       0.9424       0.0000
      -3.2500      -1.7500     477.0000      -0.0289     350.8270       0.7618       0.0000
      -3.2500      -1.2500     577.0000       0.0463     357.3839       1.0455       0.0000
      -3.2500      -0.7500     214.0000      -0.0791     358.6696       1.2125       0.0000
      -3.2500      -0.2500     237.0000      -0.0151     353.3485       0.6581       0.0000
      -3.2500       0.2500     189.0000       0.1156     386.9656       1.1255       0.0000
      -3.2500       0.7500     328.0000       0.1217     367.9787       0.8354       0.0000
      -3.2500       1.2500     525.0000       0.1753     354.2330       1.2184       0.0000
      -3.2500       1.7500     503.0000       0.1425     353.7712       1.0917       0.0000
      -3.2500       2.2500     535.0000       0.1717     347.5570       1.2749       0.0000
      -3.2500       2.7500     506.0000       0.1361     346.9198       0.9933       0.0000
      -3.2500       3.2500     378.0000       0.2010     348.0526       1.1513       0.0000
      -3.2500       3.7500     469.0000       0.1776     355.5930       0.3797       0.0000
      -3.2500       4.2500     342.0000       0.1092     356.8997       1.0069       0.0000
      -3.2500       4.7500     129.0000       0.1489     359.4767       1.3587       0.0000
      -2.7500      -5.2500      23.0000       0.3215     350.0739       0.0609       0.0000
      -2.7500      -4.7500     658.0000       0.2920     349.3404       0.6889       0.0000
      -2.7500      -4.2500     484.0000       0.1379     361.0250       1.2417       0.0000
      -2.7500      -3.7500     258.0000      -0.0038     348.0264       1.0146       0.0000
      -2.7500      -3.2500     256.0000       0.0274     341.9387       0.9407       0.0000
      -2.7500      -2.7500     369.0000      -0.0326     326.9336       1.0730       0.0000
      -2.7500      -2.2500     444.0000      -0.0314     353.3707       1.0388       0.0000
      -2.7500      -1.7500     591.0000       0.0209     349.5944       0.7718       0.0000
      -2.7500      -1.2500     520.0000      -0.0361     346.9817       0.6612       0.0000
      -2.7500       1.2500     425.0000       0.1996     351.1311       1.0274       0.0000
      -2.7500       1.7500     384.0000       0.1633     355.8802       1.5713       0.0000
      -2.7500       2.2500     481.0000       0.1182     353.5135       1.0181       0.0000
      -2.7500       2.7500     478.0000       0.0900     362.9665       1.4827       0.0000
      -2.7500       3.2500     353.0000       0.1400     379.3235       1.2491       0.0000
      -2.7500       3.7500     482.0000       0.1361     368.7722       0.7678       0.0000
      -2.7500       4.2500     486.0000       0.1512     352.1619       1.0674       0.0000
      -2.7500       4.7500     197.0000       0.1124     353.5142       1.5938       0.0000
      -2.7500       5.2500      97.0000       0.1978     344.7381       1.2322       0.0000
      -2.2500      -5.2500     393.0000       0.1992     367.3298       1.3932       0.0000
      -2.2500      -4.7500     551.0000       0.1795     350.9158       0.8915       0.0000
      -2.2500      -4.2500     236.0000       0.0062     323.7903       0.9422       0.0000
      -2.2500      -3.7500     357.0000      -0.0542     340.1106       0.9289       0.0000
      -2.2500      -3.2500     344.0000      -0.0532     346.6343       0.4089       0.0000
      -2.2500      -2.7500     471.0000      -0.0766     345.9072       1.2170       0.0000
      -2.2500      -2.2500     578.0000      -0.0544     352.1190       0.9048       0.0000
      -2.2500       2.2500     578.0000       0.2233     349.6254       1.0375       0.0000
      -2.2500       2.7500     680.0000       0.1732     348.9154       1.0588       0.0000
      -2.2500       3.2500     461.0000       0.2036     347.1714       0.9224       0.0000
      -2.2500       3.7500     470.0000       0.1522     359.8236       0.7833       0.0000
      -2.2500       4.2500     710.0000       0.1336     360.3034       1.2037       0.0000
      -2.2500       4.7500     162.0000       0.0814     346.5778       1.3918       0.0000
      -2.2500       5.2500     255.0000       0.1952     335.3369       1.4332       0.0000
      -1.7500      -5.2500     658.0000       0.1584     365.4799       1.5261       0.0000
      -1.7500      -4.7500     360.0000       0.0910     335.4072       0.9477       0.0000
      -1.7500      -4.2500     405.0000      -0.0140     339.8146       0.7234       0.0000
      -1.7500      -3.7500     345.0000       0.0856     360.1374       0.5131       0.0000
      -1.7500      -3.2500     396.0000       0.0609     354.3760       0.3380       0.0000
      -1.7500      -2.7500     513.0000      -0.0360     343.1864       0.7619       0.0000
      -1.7500       2.7500     645.0000       0.1590     356.3772       0.9070       0.0000
      -1.7500       3.2500     635.0000       0.2331     345.1630       0.5541       0.0000
      -1.7500       3.7500     637.0000       0.1741     350.9965       0.3427       0.0000
      -1.7500       4.2500     792.0000       0.1750     343.9961       0.9702       0.0000
      -1.7500       4.7500     745.0000       0.1018     357.3212       1.0649       0.0000
      -1.7500       5.2500     333.0000       0.1979     341.0168       0.6248       0.0000
      -1.2500      -5.7500       5.0000       0.2146     316.3200       2.1080       0.0000
      -1.2500      -5.2500     745.0000       0.1457     354.2026       1.6001       0.0000
      -1.2500      -4.7500     394.0000       0.0736     341.3102       0.3738       0.0000
      -1.2500      -4.2500     248.0000       0.0944     346.3379       0.9454       0.0000
      -1.2500      -3.7500     457.0000       0.0815     345.2987       0.9983       0.0000
      -1.2500      -3.2500     382.0000       0.0560     353.2202       0.8799       0.0000
      -1.2500      -2.7500     394.0000      -0.0289     352.2168       1.2544       0.0000
      -1.2500       2.7500     553.0000       0.1747     371.9678       1.1996       0.0000
      -1.2500       3.2500     417.0000       0.2130     347.1707       1.0776       0.0000
      -1.2500       3.7500     558.0000       0.1038     337.1548       0.6870       0.0000
      -1.2500       4.2500     752.0000       0.1330     341.8751       0.5083       0.0000
      -1.2500       4.7500    1154.0000       0.1023     359.4157       0.9170       0.0000
      -1.2500       5.2500     458.0000       0.1671     351.4707       1.3166       0.0000
      -1.2500       5.7500     115.0000       0.1793     329.5757       1.5671       0.0000
      -0.7500      -5.7500      82.0000      -0.0804     304.9939       1.6699       0.0000
      -0.7500      -5.2500     578.0000       0.1246     376.4573       1.6009       0.0000
      -0.7500      -4.7500     567.0000       0.1195     338.9236       0.8636       0.0000
      -0.7500      -4.2500     402.0000       0.0674     334.3306       0.5426       0.0000
      -0.7500      -3.7500     354.0000       0.0584     344.6463       0.2294       0.0000
      -0.7500      -3.2500     390.0000       0.0646     357.4808       0.9235       0.0000
      -0.7500       3.2500     455.0000       0.1408     354.1965       1.0593       0.0000
      -0.7500       3.7500     523.0000       0.0995     355.6981       0.9354       0.0000
      -0.7500       4.2500     342.0000       0.0905     341.1813       0.6475       0.0000
      -0.7500       4.7500     972.0000       0.1071     350.9764       0.8990       0.0000
      -0.7500       5.2500     797.0000       0.1001     352.6710       1.3220       0.0000
      -0.7500       5.7500     163.0000       0.1791     342.3840       0.9150       0.0000
      -0.2500      -5.7500      99.0000       0.0278     312.4101       0.8854       0.0000
      -0.2500      -5.2500     709.0000       0.0914     362.0803       1.2208       0.0000
      -0.2500      -4.7500     561.0000       0.0639     341.0841       1.3048       0.0000
      -0.2500      -4.2500     368.0000       0.0950     338.3764       0.8177       0.0000
      -0.2500      -3.7500     419.0000       0.0722     349.7260       0.5595       0.0000
      -0.2500      -3.2500     404.0000       0.0415     353.1713       0.7429       0.0000
      -0.2500       3.2500     580.0000       0.0358     354.3193       0.8209       0.0000
      -0.2500       3.7500     520.0000       0.1267     354.8804       1.0019       0.0000
      -0.2500       4.2500     542.0000       0.1291     358.0533       0.9761       0.0000
      -0.2500       4.7500     726.0000       0.1380     344.9959       1.2412       0.0000
      -0.2500       5.2500     991.0000       0.0207     350.9233       0.9465       0.0000
      -0.2500       5.7500     333.0000       0.2093     349.8859       1.1475       0.0000
       0.2500      -5.7500     158.0000       0.0498     311.4987       0.9182       0.0000
       0.2500      -5.2500     754.0000       0.0493     360.7690       1.1007       0.0000
       0.2500      -4.7500     521.0000       0.1039     346.0395       0.8531       0.0000
       0.2500      -4.2500     346.0000       0.0630     347.5104       0.9377       0.0000
       0.2500      -3.7500     462.0000       0.1210     351.7537       0.6904       0.0000
       0.2500      -3.2500     407.0000       0.0766     346.0641       1.0339       0.0000
       0.2500       3.2500     481.0000       0.0167     358.9019       0.7339       0.0000
       0.2500       3.7500     613.0000       0.0993     359.7530       0.8906       0.0000
       0.2500       4.2500     833.0000       0.1608     340.0574       1.2396       0.0000
       0.2500       4.7500     443.0000       0.1123     379.8686       1.2632       0.0000
       0.2500       5.2500    1027.0000       0.0325     345.6446       1.2710       0.0000
       0.2500       5.7500     387.0000       0.2104     352.1948       0.9408       0.0000
       0.7500      -5.7500     205.0000       0.1274     328.0629       0.6157       0.0000
       0.7500      -5.2500     715.0000       0.0022     339.0607       0.4342       0.0000
       0.7500      -4.7500     483.0000       0.1040     371.3578       1.1581       0.0000
       0.7500      -4.2500     341.0000       0.0018     355.8126       0.8281       0.0000
       0.7500      -3.7500     390.0000       0.0588     345.8690       1.3936       0.0000
       0.7500      -3.2500     492.0000       0.0102     344.0077       0.8891       0.0000
       0.7500       3.2500     546.0000       0.1712     361.7711       0.8514       0.0000
       0.7500       3.7500     733.0000       0.0713     352.0675       0.9339       0.0000
       0.7500       4.2500     543.0000       0.1524     368.6234       0.9417       0.0000
       0.7500       4.7500     660.0000       0.0703     352.5764       1.1263       0.0000
       0.7500       5.2500    1084.0000       0.0551     341.8708       1.1886       0.0000
       0.7500       5.7500     320.0000       0.2092     352.2272       0.2151       0.0000
       1.2500      -5.7500     230.0000       0.1090     325.7291       0.8780       0.0000
       1.2500      -5.2500     571.0000       0.0044     339.1445       0.4746       0.0000
       1.2500      -4.7500     543.0000       0.0435     356.3289       0.7519       0.0000
       1.2500      -4.2500     466.0000       0.0935     360.8026       0.7591       0.0000
       1.2500      -3.7500     408.0000       0.0928     352.9713       1.1958       0.0000
       1.2500      -3.2500     343.0000       0.0843     341.9752       1.5200       0.0000
       1.2500      -2.7500     428.0000      -0.0918     337.4014       0.6362       0.0000
       1.2500       2.7500     560.0000       0.0564     352.7732       0.9423       0.0000
       1.2500       3.2500     610.0000       0.1218     368.2393       1.0865       0.0000
       1.2500       3.7500     528.0000       0.0953     366.3540       1.0815       0.0000
       1.2500       4.2500     486.0000       0.0202     370.3864       0.9523       0.0000
       1.2500       4.7500     766.0000       0.0750     344.7856       1.1804       0.0000
       1.2500       5.2500    1365.0000       0.1034     348.1701       0.7896       0.0000
       1.2500       5.7500      12.0000       0.1318     328.9917       0.0767       0.0000
       1.7500      -5.2500     566.0000       0.0582     338.2710       1.1472       0.0000
       1.7500      -4.7500     588.0000       0.0089     343.4546       0.4422       0.0000
       1.7500      -4.2500     480.0000       0.0852     346.4173       0.7251       0.0000
       1.7500      -3.7500     402.0000       0.0876     361.9547       1.3695       0.0000
       1.7500      -3.2500     514.0000       0.0685     360.0889       1.0132       0.0000
       1.7500      -2.7500     430.0000      -0.0393     355.2337       0.4601       0.0000
       1.7500       2.7500     493.0000       0.0760     357.2051       1.2678       0.0000
       1.7500       3.2500     481.0000       0.0473     360.1216       1.0876       0.0000
       1.7500       3.7500     533.0000       0.0368     372.7685       1.3472       0.0000
       1.7500       4.2500     665.0000       0.0761     350.0869       1.2085       0.0000
       1.7500       4.7500     992.0000       0.1083     354.5618       0.8767       0.0000
       1.7500       5.2500    1015.0000       0.0428     342.6184       0.6782       0.0000
       2.2500      -5.2500     545.0000       0.0128     337.9455       1.3428       0.0000
       2.2500      -4.7500     522.0000       0.0508     342.2425       0.9856       0.0000
       2.2500      -4.2500     532.0000       0.0737     346.1212       0.9000       0.0000
       2.2500      -3.7500     444.0000       0.0036     347.9610       0.8690       0.0000
       2.2500      -3.2500     529.0000       0.0257     343.4832       1.1649       0.0000
       2.2500      -2.7500     355.0000       0.0315     339.8070       0.3725       0.0000
       2.2500      -2.2500     457.0000       0.0755     362.2908       1.1337       0.0000
       2.2500       2.2500     682.0000       0.0589     360.5462       0.9303       0.0000
       2.2500       2.7500     603.0000       0.1290     357.2819       0.9726       0.0000
       2.2500       3.2500     794.0000       0.0717     338.7102       1.1318       0.0000
       2.2500       3.7500     658.0000       0.1232     351.8809       0.7221       0.0000
       2.2500       4.2500     764.0000       0.0504     352.9679       0.7276       0.0000
       2.2500       4.7500    1144.0000       0.0293     338.7980       0.7912       0.0000
       2.2500       5.2500     468.0000      -0.0403     357.7006       0.7397       0.0000
       2.7500      -5.2500     277.0000       0.0244     354.8671       2.1940       0.0000
       2.7500      -4.7500     530.0000      -0.0370     350.5883       1.3075       0.0000
       2.7500      -4.2500     599.0000       0.1283     328.6624       1.0399       0.0000
       2.7500      -3.7500     324.0000       0.0843     345.2414       0.7591       0.0000
       2.7500      -3.2500     616.0000       0.0481     349.0248       0.5399       0.0000
       2.7500      -2.7500     391.0000       0.0206     354.0468       0.1859       0.0000
       2.7500      -2.2500     454.0000       0.0815     367.1597       0.7334       0.0000
       2.7500      -1.7500     571.0000       0.2041     350.6023       0.6101       0.0000
       2.7500      -1.2500     615.0000       0.2203     355.9839       0.5642       0.0000
       2.7500       1.2500     708.0000       0.1234     347.9983       1.1823       0.0000
       2.7500       1.7500     666.0000       0.0088     351.2751       1.3816       0.0000
       2.7500       2.2500     669.0000       0.0158     349.2510       0.7891       0.0000
       2.7500       2.7500     517.0000       0.0346     352.9054       0.6331       0.0000
       2.7500       3.2500     647.0000      -0.0148     332.0196       0.5144       0.0000
       2.7500       3.7500     684.0000       0.0166     343.6041       1.0226       0.0000
       2.7500       4.2500     689.0000      -0.0126     336.3782       0.9188       0.0000
       2.7500       4.7500     898.0000      -0.0453     352.8363       0.6844       0.0000
       2.7500       5.2500       8.0000      -0.2958     370.3500       1.3312       0.0000
       3.2500      -4.7500     505.0000      -0.0269     352.4477       1.8998       0.0000
       3.2500      -4.2500     501.0000       0.0462     340.4078       1.9513       0.0000
       3.2500      -3.7500     428.0000       0.0512     342.5154       1.2534       0.0000
       3.2500      -3.2500     713.0000       0.0968     340.3208       0.9219       0.0000
       3.2500      -2.7500     496.0000       0.1055     346.3597       0.8573       0.0000
       3.2500      -2.2500     609.0000       0.1038     353.2223       0.9794       0.0000
       3.2500      -1.7500     728.0000       0.1939     340.8595       1.0360       0.0000
       3.2500      -1.2500     749.0000       0.1911     351.7756       1.0800       0.0000
       3.2500      -0.7500     592.0000       0.2126     358.6417       1.2207       0.0000
       3.2500      -0.2500     523.0000       0.1737     355.2857       0.9181       0.0000
       3.2500       0.2500     629.0000       0.2250     358.1227       0.9087       0.0000
       3.2500       0.7500     589.0000       0.1580     360.7238       0.8990       0.0000
       3.2500       1.2500     512.0000       0.0819     362.1230       1.1669       0.0000
       3.2500       1.7500     411.0000      -0.0552     355.6703       2.0447       0.0000
       3.2500       2.2500     402.0000       0.0136     361.5264       1.5230       0.0000
       3.2500       2.7500     421.0000      -0.0281     337.3881       1.6572       0.0000
       3.2500       3.2500     460.0000       0.0099     351.2359       1.3618       0.0000
       3.2500       3.7500     549.0000       0.0110     385.2366       1.1788       0.0000
       3.2500       4.2500     667.0000      -0.0139     350.5679       0.8625       0.0000
       3.2500       4.7500     520.0000      -0.0397     344.0415       0.5818       0.0000
       3.7500      -4.2500     502.0000       0.0057     357.2416       1.6418       0.0000
       3.7500      -3.7500     361.0000       0.0666     355.2659       1.2958       0.0000
       3.7500      -3.2500     523.0000       0.0603     350.5254       1.4775       0.0000
       3.7500      -2.7500     524.0000       0.0391     335.1029       0.9983       0.0000
       3.7500      -2.2500     540.0000       0.0620     351.2737       1.0892       0.0000
       3.7500      -1.7500     480.0000       0.1621     364.9756       1.2160       0.0000
       3.7500      -1.2500     661.0000       0.2098     359.4735       0.8452       0.0000
       3.7500      -0.7500     659.0000       0.1572     357.8082       1.0141       0.0000
       3.7500      -0.2500     563.0000       0.2281     352.8487       1.0495       0.0000
       3.7500       0.2500     612.0000       0.1491     351.0418       0.9068       0.0000
       3.7500       0.7500     366.0000       0.1579     361.7150       1.3310       0.0000
       3.7500       1.2500     421.0000       0.0354     355.8344       1.5249       0.0000
       3.7500       1.7500     409.0000       0.0106     342.2736       1.1354       0.0000
       3.7500       2.2500     457.0000       0.1018     351.1538       0.8961       0.0000
       3.7500       2.7500     591.0000       0.0040     337.5677       1.3185       0.0000
       3.7500       3.2500     593.0000       0.0036     345.6411       0.9268       0.0000
       3.7500       3.7500     586.0000      -0.0051     359.8821       1.4989       0.0000
       3.7500       4.2500     723.0000      -0.0851     345.2754       0.8176       0.0000
       4.2500      -3.7500     510.0000      -0.0387     353.3794       1.8439       0.0000
       4.2500      -3.2500     305.0000      -0.1053     371.1197       1.6437       0.0000
       4.2500      -2.7500     368.0000       0.0382     344.6188       1.4674       0.0000
       4.2500      -2.2500     343.0000       0.0672     349.6111       0.8434       0.0000
       4.2500      -1.7500     333.0000       0.1712     357.4414       1.0615       0.0000
       4.2500      -1.2500     464.0000       0.1813     339.3659       1.1793       0.0000
       4.2500      -0.7500     551.0000       0.1708     347.1441       0.9248       0.0000
       4.2500      -0.2500     565.0000       0.1477     358.8120       1.3671       0.0000
       4.2500       0.2500     391.0000       0.1732     354.7575       1.3803       0.0000
       4.2500       0.7500     532.0000       0.0436     348.9645       1.2622       0.0000
       4.2500       1.2500     407.0000       0.0398     357.7049       1.4000       0.0000
       4.2500       1.7500     348.0000       0.0340     374.2917       1.0579       0.0000
       4.2500       2.2500     490.0000       0.0488     372.4388       1.0756       0.0000
       4.2500       2.7500     535.0000       0.0245     359.4329       1.1829       0.0000
       4.2500       3.2500     515.0000      -0.0395     369.8050       1.2745       0.0000
       4.2500       3.7500     568.0000      -0.1723     357.5474       1.4766       0.0000
       4.7500      -3.2500     480.0000      -0.0068     348.5142       1.2779       0.0000
       4.7500      -2.7500     547.0000      -0.0155     361.2921       2.0375       0.0000
       4.7500      -2.2500     447.0000       0.0821     349.6658       1.6664       0.0000
       4.7500      -1.7500     420.0000       0.0930     353.3329       1.5252       0.0000
       4.7500      -1.2500     425.0000       0.1555     348.1184       1.8295       0.0000
       4.7500      -0.7500     284.0000       0.1714     340.4884       1.4736       0.0000
       4.7500      -0.2500     405.0000       0.1250     333.7523       1.0005       0.0000
       4.7500       0.2500     536.0000       0.0960     355.5151       1.4992       0.0000
       4.7500       0.7500     380.0000       0.0660     366.0400       2.1434       0.0000
       4.7500       1.2500     432.0000       0.0725     342.1472       0.7110       0.0000
       4.7500       1.7500     534.0000       0.0383     343.4567       0.8768       0.0000
       4.7500       2.2500     468.0000      -0.0354     332.9365       1.6434       0.0000
       4.7500       2.7500     590.0000      -0.1114     342.1488       1.3563       0.0000
       4.7500       3.2500     554.0000      -0.1185     358.0720       1.4295       0.0000
       5.2500      -2.7500     128.0000      -0.1389     349.5883       1.7636       0.0000
       5.2500      -2.2500     418.0000      -0.1016     367.5880       2.0367       0.0000
       5.2500      -1.7500     548.0000      -0.0139     360.5075       1.5768       0.0000
       5.2500      -1.2500     351.0000       0.0111     366.0786       1.4995       0.0000
       5.2500      -0.7500     399.0000       0.0997     357.8416       1.9066       0.0000
       5.2500      -0.2500     472.0000       0.0601     373.1252       2.6119       0.0000
       5.2500       0.2500     467.0000       0.0362     363.9574       2.0271       0.0000
       5.2500       0.7500     580.0000       0.0612     352.0638       0.9394       0.0000
       5.2500       1.2500     612.0000       0.0727     349.2667       0.7654       0.0000
       5.2500       1.7500     636.0000       0.0608     350.9426       1.0124       0.0000
       5.2500       2.2500     602.0000       0.0043     352.5125       0.5765       0.0000
       5.2500       2.7500     269.0000      -0.0675     369.7413       0.9267       0.0000
       5.7500      -1.2500     247.0000      -0.0024     381.1830       2.1202       0.0000
       5.7500      -0.7500     320.0000      -0.0584     373.9341       1.5134       0.0000
       5.7500      -0.2500     474.0000      -0.0994     364.5141       1.7754       0.0000
       5.7500       0.2500     437.0000       0.0371     364.7968       1.8261       0.0000
       5.7500       0.7500     371.0000       0.0376     364.6879       2.3288       0.0000
       5.7500       1.2500     259.0000      -0.0153     351.8259       1.5276       0.0000
      -5.7500      -1.2500     422.0000       0.0505     365.4991       1.9063       0.0000
      -5.7500      -0.7500      92.0000       0.0751     344.7565       0.6560       0.0000
      -5.7500      -0.2500      80.0000      -0.1748     325.7575       0.6170       0.0000
      -5.7500       0.2500     155.0000      -0.1839     338.6297       1.6641       0.0000
      -5.7500       0.7500     280.0000       0.0465     362.5664       1.3340       0.0000
      -5.7500       1.2500     483.0000       0.0172     355.2845       1.3382       0.0000
      -5.2500      -2.7500     215.0000      -0.0591     349.5921       1.8809       0.0000
      -5.2500      -2.2500     663.0000       0.0092     354.5204       1.1663       0.0000
      -5.2500      -1.7500     757.0000      -0.0060     348.1303       1.6446       0.0000
      -5.2500      -1.2500     386.0000      -0.0531     346.8000       0.9973       0.0000
      -5.2500      -0.7500     479.0000      -0.0821     348.3716       0.5587       0.0000
      -5.2500      -0.2500     342.0000      -0.0357     351.9196       1.0888       0.0000
      -5.2500       0.2500     297.0000       0.0791     334.9387       1.7468       0.0000
      -5.2500       0.7500     395.0000       0.0720     378.9620       2.0711       0.0000
      -5.2500       1.2500     674.0000      -0.0269     371.7442       0.8784       0.0000
      -5.2500       1.7500    1150.0000       0.0432     368.7884       1.3383       0.0000
      -5.2500       2.2500     826.0000       0.0082     364.4898       1.1863       0.0000
      -5.2500       2.7500     342.0000      -0.0140     361.6173       1.5987       0.0000
      -4.7500      -3.2500     709.0000       0.0344     348.9120       1.0154       0.0000
      -4.7500      -2.7500     670.0000       0.0346     347.2970       0.9605       0.0000
      -4.7500      -2.2500     568.0000       0.0931     369.0958       1.7710       0.0000
      -4.7500      -1.7500     451.0000      -0.0142     359.6585       1.4812       0.0000
      -4.7500      -1.2500     684.0000      -0.0793     348.4987       1.0987       0.0000
      -4.7500      -0.7500     486.0000      -0.1134     335.6187       1.0884       0.0000
      -4.7500      -0.2500     282.0000      -0.0615     361.5035       0.8591       0.0000
      -4.7500       0.2500     316.0000       0.0549     398.0203       1.2720       0.0000
      -4.7500       0.7500     163.0000       0.0632     367.0282       2.4490       0.0000
      -4.7500       1.2500     401.0000      -0.0377     356.5476       1.1835       0.0000
      -4.7500       1.7500     483.0000      -0.0446     360.7352       0.6384       0.0000
      -4.7500       2.2500     780.0000      -0.0199     378.0737       1.5251       0.0000
      -4.7500       2.7500     798.0000      -0.0095     368.9784       1.1204       0.0000
      -4.7500       3.2500     760.0000       0.0171     359.2436       0.8564       0.0000
      -4.2500      -3.7500     877.0000       0.1008     347.7217       0.8823       0.0000
      -4.2500      -3.2500     460.0000       0.1554     372.2954       1.3186       0.0000
      -4.2500      -2.7500     464.0000       0.0915     360.9468       1.7039       0.0000
      -4.2500      -2.2500     396.0000       0.0301     367.4159       2.1898       0.0000
      -4.2500      -1.7500     376.0000      -0.0286     352.3888       0.6488       0.0000
      -4.2500      -1.2500     356.0000      -0.1142     346.1112       0.7634       0.0000
      -4.2500      -0.7500     234.0000      -0.0068     360.0470       0.2218       0.0000
      -4.2500      -0.2500     244.0000      -0.0686     360.4623       1.0747       0.0000
      -4.2500       0.2500     142.0000      -0.1611     366.4655       0.9665       0.0000
      -4.2500       0.7500     187.0000      -0.0575     381.4144       1.0582       0.0000
      -4.2500       1.2500     343.0000      -0.0035     365.8102       1.3599       0.0000
      -4.2500       1.7500     634.0000      -0.0364     355.1011       1.0340       0.0000
      -4.2500       2.2500     817.0000      -0.0349     354.2547       1.2698       0.0000
      -4.2500       2.7500     909.0000      -0.0056     363.6130       1.1258       0.0000
      -4.2500       3.2500    1134.0000      -0.0050     374.4900       0.9919       0.0000
      -4.2500       3.7500    1034.0000       0.0374     354.5851       0.8675       0.0000
      -3.7500      -4.2500     759.0000       0.1251     357.0526       0.6852       0.0000
      -3.7500      -3.7500     705.0000       0.0015     361.5549       1.5876       0.0000
      -3.7500      -3.2500     376.0000      -0.0549     360.7742       0.8828       0.0000
      -3.7500      -2.7500     444.0000       0.0007     358.2545       1.1120       0.0000
      -3.7500      -2.2500     379.0000      -0.0469     352.7834       0.9851       0.0000
      -3.7500      -1.7500     546.0000      -0.1386     356.4731       1.1093       0.0000
      -3.7500      -1.2500     402.0000       0.0367     351.2425       1.4453       0.0000
      -3.7500      -0.7500     179.0000      -0.0560     398.8587       1.1890       0.0000
      -3.7500      -0.2500     133.0000      -0.2085     358.6707      -0.0370       0.0000
      -3.7500       0.2500     260.0000      -0.1573     354.3304       0.9153       0.0000
      -3.7500       0.7500     304.0000      -0.1503     351.9178       1.0252       0.0000
      -3.7500       1.2500     429.0000      -0.0460     354.2382       1.1367       0.0000
      -3.7500       1.7500     553.0000       0.0172     359.5174       1.3747       0.0000
      -3.7500       2.2500     616.0000       0.0139     365.1591       0.8726       0.0000
      -3.7500       2.7500     647.0000      -0.0169     372.9543       0.7162       0.0000
      -3.7500       3.2500     702.0000       0.0355     366.0493       0.6206       0.0000
      -3.7500       3.7500     855.0000       0.0470     366.8595       0.6151       0.0000
      -3.7500       4.2500    1078.0000       0.0838     355.0898       0.7439       0.0000
      -3.2500      -4.7500     493.0000       0.0844     356.5432       0.8632       0.0000
      -3.2500      -4.2500     936.0000       0.0306     354.2612       0.9428       0.0000
      -3.2500      -3.7500     489.0000       0.1045     365.0319       1.2190       0.0000
      -3.2500      -3.2500     290.0000       0.0362     375.0403       1.1126       0.0000
      -3.2500      -2.7500     481.0000       0.0524     363.6530       1.7597       0.0000
      -3.2500      -2.2500     361.0000      -0.0193     354.2332       0.6782       0.0000
      -3.2500      -1.7500     593.0000      -0.0859     360.2358       0.6095       0.0000
      -3.2500      -1.2500     522.0000      -0.0494     346.5377       0.8044       0.0000
      -3.2500      -0.7500     317.0000      -0.1367     346.7211       1.0333       0.0000
      -3.2500      -0.2500     301.0000      -0.1437     357.8375       1.0725       0.0000
      -3.2500       0.2500     276.0000      -0.1342     360.5337       0.7800       0.0000
      -3.2500       0.7500     333.0000      -0.1050     352.4024       1.0534       0.0000
      -3.2500       1.2500     381.0000      -0.0494     361.3997       1.0978       0.0000
      -3.2500       1.7500     345.0000      -0.0798     371.2870       1.0313       0.0000
      -3.2500       2.2500     502.0000      -0.0064     351.4438       0.7994       0.0000
      -3.2500       2.7500     540.0000      -0.0006     368.1930       0.8866       0.0000
      -3.2500       3.2500     613.0000       0.0414     370.5390       1.2161       0.0000
      -3.2500       3.7500     875.0000       0.0656     372.8753       0.6844       0.0000
      -3.2500       4.2500    1158.0000       0.0224     352.2069       0.6771       0.0000
      -3.2500       4.7500     950.0000       0.1486     368.4865       0.6028       0.0000
      -2.7500      -5.2500      99.0000       0.1885     347.3606       1.1251       0.0000
      -2.7500      -4.7500     955.0000       0.0858     361.8281       0.9952       0.0000
      -2.7500      -4.2500     575.0000       0.0343     357.0760       0.7786       0.0000
      -2.7500      -3.7500     414.0000       0.0546     350.0268       1.2218       0.0000
      -2.7500      -3.2500     360.0000      -0.0983     348.1836       1.1309       0.0000
      -2.7500      -2.7500     433.0000      -0.0734     353.1471       1.4375       0.0000
      -2.7500      -2.2500     476.0000      -0.1141     352.7454       1.0846       0.0000
      -2.7500      -1.7500     660.0000      -0.0667     339.6914       0.8446       0.0000
      -2.7500      -1.2500     422.0000      -0.1017     365.3732       1.0508       0.0000
      -2.7500       1.2500     403.0000       0.0074     351.4826       0.8218       0.0000
      -2.7500       1.7500     392.0000       0.0126     363.8793       0.9151       0.0000
      -2.7500       2.2500     544.0000       0.0421     356.7489       1.2678       0.0000
      -2.7500       2.7500     583.0000       0.0276     369.8365       1.0335       0.0000
      -2.7500       3.2500     706.0000       0.0395     367.0942       1.0275       0.0000
      -2.7500       3.7500     574.0000       0.0768     360.0589       0.8867       0.0000
      -2.7500       4.2500    1161.0000       0.0224     347.9618       1.0173       0.0000
      -2.7500       4.7500     995.0000       0.1133     356.6079       0.7555       0.0000
      -2.7500       5.2500     382.0000       0.1871     368.9945       0.0015       0.0000
      -2.2500      -5.2500     513.0000       0.1175     362.0240       1.5553       0.0000
      -2.2500      -4.7500    1015.0000       0.0664     348.2153       0.7843       0.0000
      -2.2500      -4.2500     680.0000       0.0145     356.3597       0.7532       0.0000
      -2.2500      -3.7500     499.0000      -0.0200     366.9707       1.2452       0.0000
      -2.2500      -3.2500     370.0000       0.0051     346.9141       1.0302       0.0000
      -2.2500      -2.7500     511.0000      -0.0405     343.8491       0.7733       0.0000
      -2.2500      -2.2500     617.0000      -0.0857     343.8880       0.4575       0.0000
      -2.2500       2.2500     566.0000       0.0028     340.1772       1.0941       0.0000
      -2.2500       2.7500     434.0000      -0.0161     348.3749       1.1407       0.0000
      -2.2500       3.2500     625.0000       0.0123     358.2090       1.1171       0.0000
      -2.2500       3.7500     661.0000       0.0935     370.1672       0.6949       0.0000
      -2.2500       4.2500    1051.0000       0.0693     351.3008       0.9320       0.0000
      -2.2500       4.7500     927.0000       0.0400     361.0291       0.6149       0.0000
      -2.2500       5.2500     919.0000       0.1135     353.8616       0.8554       0.0000
      -1.7500      -5.2500    1003.0000       0.0859     356.4424       0.8704       0.0000
      -1.7500      -4.7500     755.0000       0.0274     368.1211       1.0591       0.0000
      -1.7500      -4.2500     739.0000       0.0501     344.6685       0.6129       0.0000
      -1.7500      -3.7500     638.0000       0.0193     336.2351       0.7118       0.0000
      -1.7500      -3.2500     388.0000       0.0384     351.0866       1.1455       0.0000
      -1.7500      -2.7500     441.0000      -0.0420     341.0773       1.3262       0.0000
      -1.7500       2.7500     536.0000       0.1274     348.5396       0.8264       0.0000
      -1.7500       3.2500     596.0000       0.1458     362.7762       0.8322       0.0000
      -1.7500       3.7500     603.0000      -0.0147     353.1204       0.3600       0.0000
      -1.7500       4.2500     978.0000       0.0014     346.1864       0.6688       0.0000
      -1.7500       4.7500    1307.0000       0.0520     352.8240       1.0842       0.0000
      -1.7500       5.2500     697.0000       0.0893     362.5278       0.7027       0.0000
      -1.2500      -5.7500     266.0000       0.0069     353.0624       0.8135       0.0000
      -1.2500      -5.2500    1028.0000       0.1094     367.7787       1.0446       0.0000
      -1.2500      -4.7500     950.0000      -0.0020     346.8648       0.8040       0.0000
      -1.2500      -4.2500     532.0000       0.1060     347.2641       0.5603       0.0000
      -1.2500      -3.7500     410.0000      -0.0131     340.7046       1.3043       0.0000
      -1.2500      -3.2500     330.0000      -0.0140     341.7997       2.0014       0.0000
      -1.2500      -2.7500     278.0000      -0.1010     353.9424       1.0767       0.0000
      -1.2500       2.7500     579.0000       0.0682     367.9603       1.2783       0.0000
      -1.2500       3.2500     587.0000       0.0937     362.9501       1.1288       0.0000
      -1.2500       3.7500     679.0000       0.1243     346.1262       0.6759       0.0000
      -1.2500       4.2500     660.0000       0.0352     355.2253       1.0334       0.0000
      -1.2500       4.7500    1492.0000       0.0098     356.7814       0.8881       0.0000
      -1.2500       5.2500     686.0000       0.0370     359.3092       0.5876       0.0000
      -1.2500       5.7500     541.0000       0.1193     343.8987       0.5761       0.0000
      -0.7500      -5.7500     480.0000       0.0415     361.5031       0.9231       0.0000
      -0.7500      -5.2500    1345.0000       0.1078     368.0239       0.8046       0.0000
      -0.7500      -4.7500    1015.0000       0.0276     345.4929       0.8857       0.0000
      -0.7500      -4.2500     434.0000       0.0046     344.3265       1.2763       0.0000
      -0.7500      -3.7500     279.0000      -0.0206     356.9111       1.0337       0.0000
      -0.7500      -3.2500     323.0000      -0.0613     357.6303       1.2113       0.0000
      -0.7500       3.2500     576.0000       0.0766     345.5656       0.6981       0.0000
      -0.7500       3.7500     566.0000       0.0360     357.1216       0.9604       0.0000
      -0.7500       4.2500     820.0000       0.0767     348.3866       0.8687       0.0000
      -0.7500       4.7500    1000.0000       0.0398     361.9980       0.8179       0.0000
      -0.7500       5.2500    1145.0000      -0.0488     355.5624       0.7658       0.0000
      -0.7500       5.7500     540.0000       0.0766     338.9257       0.3559       0.0000
      -0.2500      -5.7500     541.0000       0.0488     359.1242       1.2007       0.0000
      -0.2500      -5.2500    1701.0000       0.0617     358.3065       0.6499       0.0000
      -0.2500      -4.7500     894.0000       0.0221     346.2594       0.7365       0.0000
      -0.2500      -4.2500     505.0000       0.0164     350.4248       1.0625       0.0000
      -0.2500      -3.7500     290.0000      -0.0252     367.5762       1.4432       0.0000
      -0.2500      -3.2500     443.0000      -0.1254     362.2540       1.1923       0.0000
      -0.2500       3.2500     504.0000       0.0510     344.4772       0.8461       0.0000
      -0.2500       3.7500     611.0000       0.0557     342.2484       1.1904       0.0000
      -0.2500       4.2500     625.0000       0.0353     364.8926       1.2765       0.0000
      -0.2500       4.7500    1165.0000       0.0550     357.7052       0.6732       0.0000
      -0.2500       5.2500    1377.0000      -0.0105     355.5858       0.8594       0.0000
      -0.2500       5.7500     508.0000      -0.0291     345.9437       0.1340       0.0000
       0.2500      -5.7500     681.0000      -0.0114     352.2486       1.0666       0.0000
       0.2500      -5.2500    1684.0000       0.0386     350.3797       0.8290       0.0000
       0.2500      -4.7500     875.0000       0.0603     359.4550       1.2408       0.0000
       0.2500      -4.2500     468.0000      -0.1305     345.8218       0.9355       0.0000
       0.2500      -3.7500     599.0000      -0.0521     355.5618       1.4704       0.0000
       0.2500      -3.2500     338.0000      -0.1366     350.1266       0.7891       0.0000
       0.2500       3.2500     611.0000      -0.0088     347.5540       1.0223       0.0000
       0.2500       3.7500     575.0000       0.0508     349.4311       1.3023       0.0000
       0.2500       4.2500     912.0000       0.0959     352.9720       0.9116       0.0000
       0.2500       4.7500    1009.0000       0.0209     360.7518       0.8942       0.0000
       0.2500       5.2500    1370.0000       0.0151     344.4624       0.8071       0.0000
       0.2500       5.7500     443.0000      -0.0370     351.6612       0.5126       0.0000
       0.7500      -5.7500     553.0000      -0.0548     347.2533       1.1518       0.0000
       0.7500      -5.2500    1872.0000       0.0594     346.6956       0.7708       0.0000
       0.7500      -4.7500     715.0000       0.0465     366.3982       1.0238       0.0000
       0.7500      -4.2500     540.0000      -0.0646     368.1470       1.5976       0.0000
       0.7500      -3.7500     507.0000      -0.1572     346.9422       1.1005       0.0000
       0.7500      -3.2500     564.0000      -0.0829     337.1374       1.1105       0.0000
       0.7500       3.2500     647.0000       0.0197     357.5298       1.5325       0.0000
       0.7500       3.7500     588.0000       0.0451     352.2629       0.8294       0.0000
       0.7500       4.2500     714.0000       0.0189     343.7522       1.1574       0.0000
       0.7500       4.7500    1087.0000       0.0617     354.9259       0.8288       0.0000
       0.7500       5.2500    1228.0000      -0.0402     346.2147       0.9931       0.0000
       0.7500       5.7500     372.0000      -0.0704     353.6801       0.9857       0.0000
       1.2500      -5.7500     491.0000       0.0246     341.4130       1.2467       0.0000
       1.2500      -5.2500    1418.0000       0.0600     347.2754       0.9517       0.0000
       1.2500      -4.7500    1094.0000       0.0426     352.1303       0.9976       0.0000
       1.2500      -4.2500     577.0000      -0.0573     368.8728       1.2409       0.0000
       1.2500      -3.7500     363.0000      -0.0173     377.6361       1.4872       0.0000
       1.2500      -3.2500     420.0000      -0.0874     351.6336       1.1321       0.0000
       1.2500      -2.7500     508.0000      -0.1223     345.1112       0.8690       0.0000
       1.2500       2.7500     666.0000      -0.1148     353.1587       1.0002       0.0000
       1.2500       3.2500     647.0000       0.0032     359.3798       1.3843       0.0000
       1.2500       3.7500     566.0000       0.0374     337.1403       1.1163       0.0000
       1.2500       4.2500     645.0000       0.0718     354.2735       0.4950       0.0000
       1.2500       4.7500    1100.0000       0.0204     345.8898       1.0605       0.0000
       1.2500       5.2500     991.0000      -0.0707     352.5520       0.8347       0.0000
       1.2500       5.7500     423.0000      -0.0185     361.8553       0.6264       0.0000
       1.7500      -5.2500     698.0000      -0.0016     355.2924       0.9988       0.0000
       1.7500      -4.7500    1672.0000       0.0951     346.1142       1.0500       0.0000
       1.7500      -4.2500     785.0000      -0.0070     353.7283       0.9504       0.0000
       1.7500      -3.7500     406.0000       0.0332     349.8704       1.2126       0.0000
       1.7500      -3.2500     434.0000      -0.0516     353.0477       1.1865       0.0000
       1.7500      -2.7500     440.0000      -0.0749     369.4734       1.3521       0.0000
       1.7500       2.7500     601.0000      -0.1197     346.2830       0.9540       0.0000
       1.7500       3.2500     726.0000       0.0218     357.9683       0.7011       0.0000
       1.7500       3.7500     513.0000       0.0399     359.3942       0.8167       0.0000
       1.7500       4.2500     595.0000       0.0630     352.9815       0.5571       0.0000
       1.7500       4.7500    1352.0000      -0.0422     343.9670       0.8667       0.0000
       1.7500       5.2500    1154.0000      -0.0530     348.7679       0.6162       0.0000
       2.2500      -5.2500     632.0000      -0.0227     349.1544       1.5093       0.0000
       2.2500      -4.7500    1200.0000       0.0103     353.2609       0.9330       0.0000
       2.2500      -4.2500     927.0000       0.1192     348.8987       0.7379       0.0000
       2.2500      -3.7500     625.0000       0.0728     345.1349       0.8702       0.0000
       2.2500      -3.2500     503.0000      -0.0146     351.1628       0.6891       0.0000
       2.2500      -2.7500     475.0000       0.0214     355.7859       0.9483       0.0000
       2.2500      -2.2500     523.0000       0.0980     359.9969       1.0218       0.0000
       2.2500       2.2500     401.0000       0.0088     376.6142       0.6914       0.0000
       2.2500       2.7500     652.0000      -0.0463     355.7979       0.9914       0.0000
       2.2500       3.2500     846.0000       0.0252     360.6835       0.8717       0.0000
       2.2500       3.7500     609.0000      -0.0339     364.7278       1.2227       0.0000
       2.2500       4.2500     636.0000      -0.1027     352.2082       1.0080       0.0000
       2.2500       4.7500    1466.0000      -0.0190     341.7146       0.7802       0.0000
       2.2500       5.2500     822.0000       0.0063     354.2872       0.4828       0.0000
       2.7500      -5.2500     304.0000      -0.1407     361.1694       1.6383       0.0000
       2.7500      -4.7500     898.0000      -0.1027     354.8723       1.3461       0.0000
       2.7500      -4.2500    1069.0000       0.0162     341.4771       0.6765       0.0000
       2.7500      -3.7500     921.0000       0.1177     343.6269       0.6587       0.0000
       2.7500      -3.2500     707.0000       0.1135     341.7461       0.7423       0.0000
       2.7500      -2.7500     742.0000       0.0880     358.7938       0.7192       0.0000
       2.7500      -2.2500     760.0000       0.1289     350.3714       0.6086       0.0000
       2.7500      -1.7500     821.0000       0.1610     343.5536       0.3449       0.0000
       2.7500      -1.2500     718.0000       0.2021     348.4099       0.5144       0.0000
       2.7500       1.2500     556.0000       0.0650     349.4092       1.6790       0.0000
       2.7500       1.7500     697.0000       0.0510     362.5747       1.7006       0.0000
       2.7500       2.2500     610.0000      -0.0118     368.8293       1.4286       0.0000
       2.7500       2.7500     826.0000      -0.1144     358.0550       1.4621       0.0000
       2.7500       3.2500     785.0000      -0.0140     354.5289       1.2529       0.0000
       2.7500       3.7500     766.0000      -0.0311     363.8289       1.0968       0.0000
       2.7500       4.2500    1125.0000       0.0276     342.7010       0.6211       0.0000
       2.7500       4.7500    1730.0000      -0.0048     347.0739       0.6309       0.0000
       2.7500       5.2500      87.0000      -0.1560     359.0425       0.9622       0.0000
       3.2500      -4.7500     540.0000      -0.0942     367.6537       1.5254       0.0000
       3.2500      -4.2500    1029.0000      -0.2044     356.2914       1.0365       0.0000
       3.2500      -3.7500     827.0000      -0.0840     344.3429       0.7837       0.0000
       3.2500      -3.2500     646.0000       0.0599     343.4229       0.6148       0.0000
       3.2500      -2.7500     755.0000       0.0087     344.1543       0.8058       0.0000
       3.2500      -2.2500     747.0000       0.0743     346.1601       1.0961       0.0000
       3.2500      -1.7500     843.0000       0.0817     341.2822       0.9573       0.0000
       3.2500      -1.2500     824.0000       0.1072     337.2958       0.5912       0.0000
       3.2500      -0.7500     602.0000       0.1279     357.8601       1.1506       0.0000
       3.2500      -0.2500     540.0000       0.1181     366.3709       1.1431       0.0000
       3.2500       0.2500     708.0000       0.0831     350.1007       0.5439       0.0000
       3.2500       0.7500     621.0000       0.0679     346.2312       0.8061       0.0000
       3.2500       1.2500     598.0000      -0.0282     366.3595       1.4312       0.0000
       3.2500       1.7500     594.0000      -0.0551     355.0643       1.2040       0.0000
       3.2500       2.2500     595.0000      -0.0053     354.0637       1.3126       0.0000
       3.2500       2.7500    1042.0000      -0.0498     336.7868       0.9075       0.0000
       3.2500       3.2500     987.0000       0.0397     348.9719       0.8833       0.0000
       3.2500       3.7500     788.0000       0.0574     360.2565       0.6879       0.0000
       3.2500       4.2500    1245.0000      -0.0412     357.7112       1.0156       0.0000
       3.2500       4.7500     748.0000      -0.0686     340.7401       0.9752       0.0000
       3.7500      -4.2500     838.0000      -0.1806     353.7378       1.5853       0.0000
       3.7500      -3.7500     792.0000      -0.1206     364.1976       0.8459       0.0000
       3.7500      -3.2500     632.0000      -0.0653     369.5157       1.0418       0.0000
       3.7500      -2.7500     518.0000       0.0541     371.6504       1.1559       0.0000
       3.7500      -2.2500     486.0000       0.1237     378.7469       1.1689       0.0000
       3.7500      -1.7500     592.0000       0.1110     363.0618       1.3419       0.0000
       3.7500      -1.2500     711.0000       0.0925     359.1228       1.1097       0.0000
       3.7500      -0.7500     591.0000       0.1071     360.3619       0.5952       0.0000
       3.7500      -0.2500     581.0000       0.0774     345.3127       1.3267       0.0000
       3.7500       0.2500     486.0000       0.0920     350.0852       1.0974       0.0000
       3.7500       0.7500     435.0000       0.0840     353.7122       0.2997       0.0000
       3.7500       1.2500     649.0000       0.0749     351.2527       1.0479       0.0000
       3.7500       1.7500     664.0000       0.0876     350.3819       0.9493       0.0000
       3.7500       2.2500     578.0000       0.0236     366.4125       0.9325       0.0000
       3.7500       2.7500     880.0000       0.0021     356.2818       1.0766       0.0000
       3.7500       3.2500     784.0000       0.0573     370.2537       1.1338       0.0000
       3.7500       3.7500    1089.0000      -0.0213     361.2152       1.1809       0.0000
       3.7500       4.2500     966.0000      -0.0908     345.2500       0.9430       0.0000
       4.2500      -3.7500     883.0000      -0.1157     348.9026       1.9506       0.0000
       4.2500      -3.2500    1087.0000      -0.1470     359.2458       1.3962       0.0000
       4.2500      -2.7500     607.0000      -0.0742     367.9621       1.3078       0.0000
       4.2500      -2.2500     599.0000      -0.0171     374.8414       1.5142       0.0000
       4.2500      -1.7500     523.0000      -0.0024     365.8140       1.3346       0.0000
       4.2500      -1.2500     834.0000      -0.0201     351.9424       1.2025       0.0000
       4.2500      -0.7500     800.0000       0.0604     347.9356       1.0186       0.0000
       4.2500      -0.2500     578.0000       0.1406     350.6367       0.5586       0.0000
       4.2500       0.2500     515.0000       0.0649     338.4992       1.1185       0.0000
       4.2500       0.7500     579.0000       0.0865     355.8133       1.6326       0.0000
       4.2500       1.2500     454.0000       0.0739     366.2119       0.4746       0.0000
       4.2500       1.7500     483.0000       0.0561     383.1182       0.5614       0.0000
       4.2500       2.2500     960.0000      -0.0465     347.9309       0.9877       0.0000
       4.2500       2.7500    1000.0000       0.0055     359.9988       1.1236       0.0000
       4.2500       3.2500    1015.0000       0.0132     366.1534       0.8359       0.0000
       4.2500       3.7500     756.0000      -0.0936     359.6152       1.2995       0.0000
       4.7500      -3.2500     785.0000      -0.2021     352.1375       1.4060       0.0000
       4.7500      -2.7500    1158.0000      -0.1535     356.2625       1.4196       0.0000
       4.7500      -2.2500     818.0000      -0.0295     358.3032       1.4019       0.0000
       4.7500      -1.7500     509.0000      -0.0094     367.8222       1.0434       0.0000
       4.7500      -1.2500     536.0000      -0.0106     374.4582       1.3770       0.0000
       4.7500      -0.7500     685.0000      -0.0491     340.1431       1.0344       0.0000
       4.7500      -0.2500     809.0000       0.0081     349.5289       0.9193       0.0000
       4.7500       0.2500     810.0000       0.0716     368.8875       0.9333       0.0000
       4.7500       0.7500     928.0000       0.0047     355.4059       0.6383       0.0000
       4.7500       1.2500    1486.0000      -0.0062     360.4900       0.8732       0.0000
       4.7500       1.7500    1218.0000      -0.0529     350.8704       1.2330       0.0000
       4.7500       2.2500     776.0000      -0.0652     361.6561       1.1497       0.0000
       4.7500       2.7500     700.0000      -0.0383     356.7954       1.0679       0.0000
       4.7500       3.2500     529.0000      -0.1309     357.0176       1.2412       0.0000
       5.2500      -2.7500     228.0000      -0.2296     365.6557       1.5086       0.0000
       5.2500      -2.2500     900.0000      -0.1834     362.5246       1.4648       0.0000
       5.2500      -1.7500    1067.0000      -0.0656     359.0632       1.1973       0.0000
       5.2500      -1.2500     627.0000      -0.0626     363.6935       1.4785       0.0000
       5.2500      -0.7500     520.0000      -0.0528     397.3127       1.7811       0.0000
       5.2500      -0.2500     685.0000      -0.0766     372.4673       1.3722       0.0000
       5.2500       0.2500     915.0000      -0.0135     357.0738       0.9834       0.0000
       5.2500       0.7500     872.0000      -0.0085     362.3873       1.0545       0.0000
       5.2500       1.2500     527.0000      -0.0138     371.8235       1.1653       0.0000
       5.2500       1.7500     437.0000       0.0175     383.3238       1.1135       0.0000
       5.2500       2.2500     494.0000       0.0880     376.4662       0.7667       0.0000
       5.2500       2.7500     242.0000       0.0616     384.7298       0.9057       0.0000
       5.7500      -1.2500     625.0000      -0.0649     372.3858       1.3932       0.0000
       5.7500      -0.7500     708.0000      -0.0465     363.2266       1.1228       0.0000
       5.7500      -0.2500     637.0000       0.0026     367.6000       1.2914       0.0000
       5.7500       0.2500     491.0000      -0.0152     368.1741       1.6437       0.0000
       5.7500       0.7500     454.0000      -0.0646     369.1485       1.3250       0.0000
       5.7500       1.2500     263.0000      -0.0129     359.7821       1.2682       0.0000
