      -5.7500      -1.2500     483.0000       0.3038     514.0961      -1.5539       3.0000
      -5.7500      -0.7500     132.0000       0.0203     529.4803      -0.0964       3.0000
      -5.7500      -0.2500      74.0000       0.0540     558.2554       0.6174       3.0000
      -5.7500       0.2500     169.0000       0.1461     487.9882       1.4308       3.0000
      -5.7500       0.7500     200.0000       0.0797     496.5260       0.6292       3.0000
      -5.7500       1.2500     272.0000       0.4750     473.7136       0.8386       3.0000
      -5.2500      -2.7500     304.0000       0.3070     483.1493       0.1230       3.0000
      -5.2500      -2.2500     696.0000       0.3563     499.6717      -0.3391       3.0000
      -5.2500      -1.7500    1070.0000       0.3552     511.2693      -0.6341       3.0000
      -5.2500      -1.2500     608.0000       0.3155     507.5914      -0.3924       3.0000
      -5.2500      -0.7500     462.0000       0.1930     491.1387      -0.6150       3.0000
      -5.2500      -0.2500     588.0000       0.1972     459.3714      -0.7493       3.0000
      -5.2500       0.2500     631.0000       0.1423     475.2544      -0.7471       3.0000
      -5.2500       0.7500     846.0000       0.2527     506.0982      -1.0243       3.0000
      -5.2500       1.2500    1458.0000       0.2572     519.6941      -0.4109       3.0000
      -5.2500       1.7500    1357.0000       0.3676     528.2309       0.3903       3.0000
      -5.2500       2.2500     715.0000       0.3173     542.4504      -0.2276       3.0000
      -5.2500       2.7500      38.0000       0.3674     574.3947      -1.9839       3.0000
      -4.7500      -3.2500     631.0000       0.3271     473.6395      -0.7013       3.0000
      -4.7500      -2.7500     734.0000       0.2883     495.1595      -0.8421       3.0000
      -4.7500      -2.2500    1063.0000       0.1846     493.1644      -0.9968       3.0000
      -4.7500      -1.7500    1308.0000       0.1443     468.4013      -1.2627       3.0000
      -4.7500      -1.2500    1098.0000       0.1450     470.4434      -0.9287       3.0000
      -4.7500      -0.7500     854.0000       0.0995     476.4203      -0.0763       3.0000
      -4.7500      -0.2500     640.0000       0.1101     533.2314      -0.7478       3.0000
      -4.7500       0.2500     567.0000       0.1227     543.7970      -0.0859       3.0000
      -4.7500       0.7500     587.0000       0.1698     517.9486      -0.4809       3.0000
      -4.7500       1.2500     834.0000       0.2307     485.1241      -1.3258       3.0000
      -4.7500       1.7500     884.0000       0.3267     512.7303      -0.9314       3.0000
      -4.7500       2.2500    1487.0000       0.3096     522.3210      -0.8088       3.0000
      -4.7500       2.7500    1404.0000       0.2991     539.4193      -0.7385       3.0000
      -4.7500       3.2500     287.0000       0.2571     467.4780       1.1905       3.0000
      -4.2500      -3.7500     622.0000       0.2583     484.3736      -0.3862       3.0000
      -4.2500      -3.2500    1009.0000       0.1479     478.4482      -0.6297       3.0000
      -4.2500      -2.7500    1276.0000       0.1486     482.7143      -0.9877       3.0000
      -4.2500      -2.2500    1125.0000       0.1966     467.3421      -1.1848       3.0000
      -4.2500      -1.7500     642.0000       0.2520     495.3704      -1.2787       3.0000
      -4.2500      -1.2500     483.0000       0.2543     485.2673      -0.4014       3.0000
      -4.2500      -0.7500     389.0000       0.2372     527.3964      -1.0516       3.0000
      -4.2500      -0.2500     464.0000       0.1023     522.2065      -1.1186       3.0000
      -4.2500       0.2500     462.0000      -0.0101     536.8054      -1.4790       3.0000
      -4.2500       0.7500     455.0000       0.1457     536.9785      -0.5210       3.0000
      -4.2500       1.2500     746.0000       0.1853     499.7992      -0.3359       3.0000
      -4.2500       1.7500     677.0000       0.2141     502.5815      -0.5839       3.0000
      -4.2500       2.2500     701.0000       0.3574     515.6068      -0.3686       3.0000
      -4.2500       2.7500     894.0000       0.2665     536.7356      -0.4707       3.0000
      -4.2500       3.2500    1077.0000       0.2807     536.4100      -0.1804       3.0000
      -4.2500       3.7500     371.0000       0.3524     480.1092      -0.2006       3.0000
      -3.7500      -4.2500     811.0000       0.2555     493.1678      -0.8034       3.0000
      -3.7500      -3.7500    1003.0000       0.2253     450.3818      -1.7206       3.0000
      -3.7500      -3.2500     724.0000       0.3169     462.5486      -1.7128       3.0000
      -3.7500      -2.7500     659.0000       0.3255     459.1018      -2.1034       3.0000
      -3.7500      -2.2500     642.0000       0.3627     462.2989      -0.8024       3.0000
      -3.7500      -1.7500     450.0000       0.2440     438.2038      -0.6012       3.0000
      -3.7500      -1.2500     484.0000       0.2119     470.6483      -1.1868       3.0000
      -3.7500      -0.7500     216.0000       0.1587     500.1046      -2.5272       3.0000
      -3.7500      -0.2500     205.0000       0.0071     510.8556      -1.5146       3.0000
      -3.7500       0.2500     286.0000       0.0420     519.9594      -0.4403       3.0000
      -3.7500       0.7500     429.0000      -0.0060     508.2958      -1.3026       3.0000
      -3.7500       1.2500     599.0000       0.1097     486.2142      -0.4740       3.0000
      -3.7500       1.7500     795.0000       0.1557     461.9737      -0.2763       3.0000
      -3.7500       2.2500     721.0000       0.2606     446.5325      -1.5656       3.0000
      -3.7500       2.7500     767.0000       0.3676     473.7735      -0.7296       3.0000
      -3.7500       3.2500     904.0000       0.4289     496.3998      -0.8090       3.0000
      -3.7500       3.7500     962.0000       0.3995     505.4696      -0.7698       3.0000
      -3.7500       4.2500     367.0000       0.4067     464.2286      -0.8995       3.0000
      -3.2500      -4.7500     733.0000       0.2562     499.6697      -0.8073       3.0000
      -3.2500      -4.2500     900.0000       0.2100     449.1774      -1.3341       3.0000
      -3.2500      -3.7500     559.0000       0.2763     461.7460      -1.7080       3.0000
      -3.2500      -3.2500     555.0000       0.3921     469.0584      -1.5888       3.0000
      -3.2500      -2.7500     495.0000       0.3645     464.9315      -1.3965       3.0000
      -3.2500      -2.2500     499.0000       0.2912     467.4038      -0.7822       3.0000
      -3.2500      -1.7500     398.0000      -0.0924     445.7967      -1.2150       3.0000
      -3.2500      -1.2500     341.0000       0.0931     467.7220      -1.6376       3.0000
      -3.2500      -0.7500     256.0000      -0.1332     502.6227      -0.9475       3.0000
      -3.2500      -0.2500     349.0000      -0.1800     532.5980      -1.9925       3.0000
      -3.2500       0.2500     311.0000      -0.2005     472.8887      -2.1361       3.0000
      -3.2500       0.7500     422.0000       0.0656     490.5976      -1.0474       3.0000
      -3.2500       1.2500     587.0000       0.2155     502.5342      -0.9645       3.0000
      -3.2500       1.7500     500.0000       0.2436     486.8556      -0.2749       3.0000
      -3.2500       2.2500     493.0000       0.3566     474.8901      -0.8327       3.0000
      -3.2500       2.7500     542.0000       0.4742     499.6851      -0.2211       3.0000
      -3.2500       3.2500     516.0000       0.6387     524.7700      -0.0476       3.0000
      -3.2500       3.7500     990.0000       0.4458     490.0125      -1.0500       3.0000
      -3.2500       4.2500     423.0000       0.3873     480.5298      -0.7098       3.0000
      -3.2500       4.7500     258.0000       0.4928     418.9477      -1.4731       3.0000
      -2.7500      -5.2500     150.0000       0.1824     559.6280      -0.1215       3.0000
      -2.7500      -4.7500    1089.0000       0.1768     458.0781      -1.0578       3.0000
      -2.7500      -4.2500     432.0000       0.2032     438.4326      -1.0976       3.0000
      -2.7500      -3.7500     638.0000       0.3475     470.9572      -0.6414       3.0000
      -2.7500      -3.2500     554.0000       0.4013     422.5529      -1.9715       3.0000
      -2.7500      -2.7500     419.0000       0.1838     451.3974      -1.1816       3.0000
      -2.7500      -2.2500     504.0000      -0.0351     459.0260      -0.8708       3.0000
      -2.7500      -1.7500     460.0000      -0.1166     443.7861      -0.7118       3.0000
      -2.7500      -1.2500     433.0000      -0.0416     491.8016      -1.1429       3.0000
      -2.7500       1.2500     442.0000       0.2519     488.4373      -1.1071       3.0000
      -2.7500       1.7500     648.0000       0.3606     477.2769      -1.1927       3.0000
      -2.7500       2.2500     614.0000       0.3149     494.2914      -0.6781       3.0000
      -2.7500       2.7500     706.0000       0.5844     487.6007      -1.2216       3.0000
      -2.7500       3.2500     673.0000       0.7231     505.2511      -0.6984       3.0000
      -2.7500       3.7500     865.0000       0.6811     500.5160      -0.7714       3.0000
      -2.7500       4.2500    1128.0000       0.5238     505.0279      -0.8937       3.0000
      -2.7500       4.7500     173.0000       0.5210     412.8399      -0.8579       3.0000
      -2.7500       5.2500      74.0000       0.5258     456.5743      -1.3142       3.0000
      -2.2500      -5.2500     514.0000       0.1641     498.4099      -0.7405       3.0000
      -2.2500      -4.7500     762.0000       0.2438     435.1316      -0.2996       3.0000
      -2.2500      -4.2500     482.0000       0.2102     429.1900      -0.7149       3.0000
      -2.2500      -3.7500     505.0000       0.3023     468.9592      -0.7506       3.0000
      -2.2500      -3.2500     565.0000       0.3731     427.8715      -0.8295       3.0000
      -2.2500      -2.7500     395.0000       0.1573     436.7392      -1.2464       3.0000
      -2.2500      -2.2500     505.0000      -0.1313     472.6808      -0.6064       3.0000
      -2.2500       2.2500     471.0000       0.2168     464.1291      -0.7052       3.0000
      -2.2500       2.7500     517.0000       0.2794     462.9631      -0.6202       3.0000
      -2.2500       3.2500     393.0000       0.2841     483.4980      -0.9144       3.0000
      -2.2500       3.7500     639.0000       0.5283     496.9844       0.3364       3.0000
      -2.2500       4.2500    1381.0000       0.6388     501.4671      -0.8133       3.0000
      -2.2500       4.7500     566.0000       0.6023     509.4201      -0.6922       3.0000
      -2.2500       5.2500     238.0000       0.4953     481.5227      -0.2187       3.0000
      -1.7500      -5.2500     576.0000       0.2129     457.8188      -1.2088       3.0000
      -1.7500      -4.7500     650.0000       0.2725     440.8594      -0.7128       3.0000
      -1.7500      -4.2500     384.0000       0.2331     452.7284      -0.9787       3.0000
      -1.7500      -3.7500     433.0000       0.3473     470.3564      -1.4168       3.0000
      -1.7500      -3.2500     548.0000       0.3210     435.3533      -1.2737       3.0000
      -1.7500      -2.7500     358.0000       0.1814     456.1075      -0.4747       3.0000
      -1.7500       2.7500     573.0000       0.3566     471.1927      -1.1539       3.0000
      -1.7500       3.2500     413.0000       0.3604     485.3867       0.0964       3.0000
      -1.7500       3.7500     586.0000       0.5892     496.5352       0.2503       3.0000
      -1.7500       4.2500     667.0000       0.5399     486.2622      -0.6488       3.0000
      -1.7500       4.7500    1269.0000       0.7196     496.3669      -1.3890       3.0000
      -1.7500       5.2500     348.0000       0.6766     531.4948       0.2366       3.0000
      -1.2500      -5.7500      50.0000       0.2078     431.6740      -1.4996       3.0000
      -1.2500      -5.2500     591.0000       0.1713     441.5003      -1.2381       3.0000
      -1.2500      -4.7500     514.0000       0.3242     462.4591      -1.3250       3.0000
      -1.2500      -4.2500     387.0000       0.3596     439.4398      -1.4011       3.0000
      -1.2500      -3.7500     427.0000       0.3643     446.7403      -0.5633       3.0000
      -1.2500      -3.2500     512.0000       0.2816     452.4377      -0.8192       3.0000
      -1.2500      -2.7500     431.0000       0.1035     447.7694      -0.7150       3.0000
      -1.2500       2.7500     618.0000       0.3756     475.3464      -0.2608       3.0000
      -1.2500       3.2500     568.0000       0.4437     466.7593      -0.1126       3.0000
      -1.2500       3.7500     505.0000       0.5804     485.0537      -0.7350       3.0000
      -1.2500       4.2500     427.0000       0.6679     488.5283      -0.9203       3.0000
      -1.2500       4.7500    1409.0000       0.6744     491.5690      -0.6022       3.0000
      -1.2500       5.2500     308.0000       0.5406     513.7805      -0.9729       3.0000
      -1.2500       5.7500     248.0000       0.8518     532.1411      -0.6648       3.0000
      -0.7500      -5.7500     164.0000       0.1975     440.4415      -1.4118       3.0000
      -0.7500      -5.2500     510.0000       0.1792     430.1278      -0.8361       3.0000
      -0.7500      -4.7500     321.0000       0.1832     439.4757      -1.2997       3.0000
      -0.7500      -4.2500     481.0000       0.3847     448.1511      -1.0136       3.0000
      -0.7500      -3.7500     403.0000       0.3661     436.2027      -0.8372       3.0000
      -0.7500      -3.2500     480.0000       0.1890     470.2842       0.1295       3.0000
      -0.7500       3.2500     610.0000       0.4225     488.5056      -1.1330       3.0000
      -0.7500       3.7500     545.0000       0.4773     492.6200      -0.5021       3.0000
      -0.7500       4.2500     678.0000       0.6229     446.2661      -1.4270       3.0000
      -0.7500       4.7500    1135.0000       0.5923     502.8678      -0.5416       3.0000
      -0.7500       5.2500     403.0000       0.5070     481.5345      -0.7197       3.0000
      -0.7500       5.7500     385.0000       0.6281     521.2132      -1.0093       3.0000
      -0.2500      -5.7500     200.0000       0.1732     418.7730      -1.8072       3.0000
      -0.2500      -5.2500     435.0000       0.1410     387.6605      -0.0393       3.0000
      -0.2500      -4.7500     384.0000       0.1987     465.1888      -1.6480       3.0000
      -0.2500      -4.2500     319.0000       0.3352     440.6618      -1.8058       3.0000
      -0.2500      -3.7500     295.0000       0.2639     442.4024      -0.6043       3.0000
      -0.2500      -3.2500     303.0000       0.2746     459.1182       0.1497       3.0000
      -0.2500       3.2500     596.0000       0.3436     481.3200      -1.0753       3.0000
      -0.2500       3.7500     647.0000       0.5135     458.9357      -0.5889       3.0000
      -0.2500       4.2500     600.0000       0.5306     483.8328      -0.9375       3.0000
      -0.2500       4.7500    1114.0000       0.5577     485.8310      -1.0990       3.0000
      -0.2500       5.2500     539.0000       0.5415     510.0696      -0.8622       3.0000
      -0.2500       5.7500     393.0000       0.5539     494.1771      -0.1967       3.0000
       0.2500      -5.7500     159.0000       0.2123     407.3478      -0.9248       3.0000
       0.2500      -5.2500     436.0000       0.1290     404.2073       0.6119       3.0000
       0.2500      -4.7500     396.0000       0.2425     422.8682      -0.4802       3.0000
       0.2500      -4.2500     232.0000       0.3853     463.7966      -1.1286       3.0000
       0.2500      -3.7500     301.0000       0.3798     456.3754      -1.1879       3.0000
       0.2500      -3.2500     414.0000       0.1679     429.0065      -2.2806       3.0000
       0.2500       3.2500     533.0000       0.4175     489.2983      -1.4560       3.0000
       0.2500       3.7500     628.0000       0.4174     467.7051      -1.7636       3.0000
       0.2500       4.2500     668.0000       0.4911     480.4105      -0.4810       3.0000
       0.2500       4.7500     903.0000       0.5823     509.7744      -0.7152       3.0000
       0.2500       5.2500     813.0000       0.5675     461.1422      -0.9291       3.0000
       0.2500       5.7500     347.0000       0.5628     489.3095       1.2255       3.0000
       0.7500      -5.7500     169.0000       0.2109     429.1728      -1.4872       3.0000
       0.7500      -5.2500     500.0000       0.0767     405.0540       0.0815       3.0000
       0.7500      -4.7500     322.0000       0.1834     396.3857      -1.4763       3.0000
       0.7500      -4.2500     214.0000       0.4323     426.8650       0.4262       3.0000
       0.7500      -3.7500     274.0000       0.3010     419.3547      -2.2318       3.0000
       0.7500      -3.2500     402.0000       0.1204     433.6886      -1.7720       3.0000
       0.7500       3.2500     364.0000       0.2886     496.9385      -1.9555       3.0000
       0.7500       3.7500     547.0000       0.4410     483.6912      -1.8313       3.0000
       0.7500       4.2500     902.0000       0.4092     495.6529      -0.3854       3.0000
       0.7500       4.7500     809.0000       0.5057     477.3646      -1.2070       3.0000
       0.7500       5.2500    1007.0000       0.5967     485.6267      -0.2656       3.0000
       0.7500       5.7500     245.0000       0.5284     509.4539       0.7375       3.0000
       1.2500      -5.7500     128.0000       0.0709     413.4578       1.5216       3.0000
       1.2500      -5.2500     326.0000       0.1301     409.3184      -0.9710       3.0000
       1.2500      -4.7500     412.0000       0.1553     391.3951      -1.1661       3.0000
       1.2500      -4.2500     225.0000       0.2369     391.3493      -1.4336       3.0000
       1.2500      -3.7500     321.0000       0.1248     395.2991      -2.5725       3.0000
       1.2500      -3.2500     358.0000       0.1700     431.7271      -1.4658       3.0000
       1.2500      -2.7500     351.0000       0.0612     465.2470      -0.8950       3.0000
       1.2500       2.7500     534.0000       0.2045     510.3330      -1.2371       3.0000
       1.2500       3.2500     546.0000       0.2688     518.8855      -0.8441       3.0000
       1.2500       3.7500     943.0000       0.2846     496.3648      -1.0278       3.0000
       1.2500       4.2500     818.0000       0.3942     480.8158      -0.8934       3.0000
       1.2500       4.7500     826.0000       0.4055     465.2837      -0.2610       3.0000
       1.2500       5.2500     946.0000       0.5292     479.4928      -1.3568       3.0000
       1.2500       5.7500      44.0000       0.4757     541.3568      -0.2789       3.0000
       1.7500      -5.2500     435.0000       0.1516     399.3232      -0.8846       3.0000
       1.7500      -4.7500     261.0000       0.1268     426.6303      -0.5131       3.0000
       1.7500      -4.2500     314.0000       0.1228     384.0258      -1.2528       3.0000
       1.7500      -3.7500     408.0000      -0.0169     401.1907      -1.6383       3.0000
       1.7500      -3.2500     327.0000       0.1788     397.0563      -1.6211       3.0000
       1.7500      -2.7500     373.0000       0.1444     453.3601      -0.4320       3.0000
       1.7500       2.7500     801.0000       0.1446     502.4222      -1.0826       3.0000
       1.7500       3.2500     856.0000       0.2343     504.9418      -0.9588       3.0000
       1.7500       3.7500     674.0000       0.2695     488.2803      -0.3814       3.0000
       1.7500       4.2500     650.0000       0.3628     476.5100      -0.5602       3.0000
       1.7500       4.7500     826.0000       0.5001     464.6878      -0.9638       3.0000
       1.7500       5.2500     785.0000       0.4062     454.4225      -1.5073       3.0000
       2.2500      -5.2500     348.0000       0.1362     394.9118       0.3582       3.0000
       2.2500      -4.7500     210.0000       0.0949     435.4214      -0.8972       3.0000
       2.2500      -4.2500     300.0000       0.1652     424.5373      -1.7380       3.0000
       2.2500      -3.7500     315.0000      -0.0769     404.3822      -1.0281       3.0000
       2.2500      -3.2500     329.0000       0.0905     411.7790      -0.5555       3.0000
       2.2500      -2.7500     401.0000       0.1593     449.4005      -0.8435       3.0000
       2.2500      -2.2500     476.0000       0.1430     432.1210      -0.8834       3.0000
       2.2500       2.2500     576.0000       0.2007     471.1802      -0.3456       3.0000
       2.2500       2.7500     615.0000       0.1568     480.0060      -0.8131       3.0000
       2.2500       3.2500     613.0000       0.2575     498.0871      -1.0509       3.0000
       2.2500       3.7500     700.0000       0.3306     487.0023      -1.1066       3.0000
       2.2500       4.2500     728.0000       0.4559     490.4493      -1.4424       3.0000
       2.2500       4.7500     837.0000       0.4285     466.5480      -0.8058       3.0000
       2.2500       5.2500     411.0000       0.4581     439.2513      -1.5682       3.0000
       2.7500      -5.2500     176.0000       0.1663     391.6449      -0.5855       3.0000
       2.7500      -4.7500     242.0000       0.0859     399.9070      -0.3839       3.0000
       2.7500      -4.2500     236.0000      -0.0892     391.3674      -2.0526       3.0000
       2.7500      -3.7500     362.0000       0.0196     448.9616      -1.2919       3.0000
       2.7500      -3.2500     298.0000       0.2872     423.2732      -1.5933       3.0000
       2.7500      -2.7500     364.0000       0.2622     441.9602      -0.7691       3.0000
       2.7500      -2.2500     423.0000       0.2340     430.9520      -1.3086       3.0000
       2.7500      -1.7500     446.0000       0.2488     431.5170      -1.3460       3.0000
       2.7500      -1.2500     507.0000       0.3020     459.5477      -1.5025       3.0000
       2.7500       1.2500     465.0000       0.0436     433.5957      -1.3931       3.0000
       2.7500       1.7500     412.0000       0.1215     472.6379      -0.1320       3.0000
       2.7500       2.2500     371.0000       0.0342     467.2108       0.9610       3.0000
       2.7500       2.7500     455.0000       0.1308     472.8719      -0.4042       3.0000
       2.7500       3.2500     406.0000       0.1775     484.3268      -1.1886       3.0000
       2.7500       3.7500     522.0000       0.2096     467.3669      -1.8556       3.0000
       2.7500       4.2500     845.0000       0.4111     491.0308      -0.4701       3.0000
       2.7500       4.7500     929.0000       0.3440     458.8397      -0.9690       3.0000
       2.7500       5.2500       1.0000       0.2141     338.6000      -2.6200       3.0000
       3.2500      -4.7500     265.0000       0.0959     416.9653      -1.3050       3.0000
       3.2500      -4.2500     318.0000       0.0412     367.1170      -2.8200       3.0000
       3.2500      -3.7500     266.0000      -0.1992     416.0335      -1.0647       3.0000
       3.2500      -3.2500     195.0000       0.1021     436.1887      -0.8822       3.0000
       3.2500      -2.7500     231.0000       0.1369     468.9680       0.6368       3.0000
       3.2500      -2.2500     270.0000       0.1214     449.3267       0.5660       3.0000
       3.2500      -1.7500     286.0000       0.1103     443.3094       0.4929       3.0000
       3.2500      -1.2500     361.0000       0.2397     448.7072      -0.8086       3.0000
       3.2500      -0.7500     461.0000       0.1914     472.3668      -0.5730       3.0000
       3.2500      -0.2500     388.0000       0.2508     471.1683      -0.1540       3.0000
       3.2500       0.2500     313.0000       0.2544     471.5348       0.3450       3.0000
       3.2500       0.7500     362.0000       0.0934     412.4738      -1.8487       3.0000
       3.2500       1.2500     383.0000       0.0610     444.3493      -0.6181       3.0000
       3.2500       1.7500     341.0000       0.0987     475.4718      -1.1531       3.0000
       3.2500       2.2500     349.0000       0.1049     467.5880      -1.2790       3.0000
       3.2500       2.7500     495.0000       0.1164     466.1269      -1.7571       3.0000
       3.2500       3.2500     451.0000       0.2336     477.4814      -2.0316       3.0000
       3.2500       3.7500     943.0000       0.2744     493.4800      -0.9279       3.0000
       3.2500       4.2500     925.0000       0.3570     493.2241      -1.1175       3.0000
       3.2500       4.7500     173.0000       0.2032     430.0324      -1.0745       3.0000
       3.7500      -4.2500     300.0000       0.0668     396.9307       0.0697       3.0000
       3.7500      -3.7500     354.0000       0.0040     408.6116      -1.4932       3.0000
       3.7500      -3.2500     226.0000       0.2202     399.6721      -2.0292       3.0000
       3.7500      -2.7500     162.0000       0.2126     431.0228      -0.5802       3.0000
       3.7500      -2.2500     237.0000       0.2043     418.3781      -0.3615       3.0000
       3.7500      -1.7500     318.0000       0.1350     430.8752       0.5112       3.0000
       3.7500      -1.2500     313.0000       0.1612     470.1799      -0.5381       3.0000
       3.7500      -0.7500     325.0000       0.2806     458.3077      -2.0909       3.0000
       3.7500      -0.2500     373.0000       0.2782     473.5480      -0.5310       3.0000
       3.7500       0.2500     306.0000       0.2126     462.6559      -1.9855       3.0000
       3.7500       0.7500     452.0000       0.1328     451.7544      -0.7669       3.0000
       3.7500       1.2500     311.0000       0.1336     473.5222       0.1341       3.0000
       3.7500       1.7500     348.0000       0.1010     457.4876      -0.8835       3.0000
       3.7500       2.2500     372.0000       0.2101     462.1540      -0.9295       3.0000
       3.7500       2.7500     459.0000       0.1928     463.7425      -1.4851       3.0000
       3.7500       3.2500     981.0000       0.2715     474.8870      -1.3473       3.0000
       3.7500       3.7500     915.0000       0.2586     496.7552      -0.5295       3.0000
       3.7500       4.2500     195.0000       0.2974     527.7344       2.1090       3.0000
       4.2500      -3.7500     408.0000      -0.1525     383.5127      -0.9594       3.0000
       4.2500      -3.2500     224.0000      -0.0917     418.7192      -0.8624       3.0000
       4.2500      -2.7500     148.0000       0.0790     434.9905      -0.7707       3.0000
       4.2500      -2.2500     235.0000       0.2061     471.1055      -1.3989       3.0000
       4.2500      -1.7500     195.0000       0.1501     397.7138      -0.5217       3.0000
       4.2500      -1.2500     229.0000       0.1609     444.8843      -1.4001       3.0000
       4.2500      -0.7500     227.0000       0.2584     457.8789      -2.2494       3.0000
       4.2500      -0.2500     305.0000       0.2135     437.7708      -2.6047       3.0000
       4.2500       0.2500     421.0000       0.2167     464.5264      -1.6073       3.0000
       4.2500       0.7500     355.0000       0.2500     481.8397      -1.8863       3.0000
       4.2500       1.2500     402.0000       0.2548     484.9652      -1.6380       3.0000
       4.2500       1.7500     445.0000       0.2226     456.6890      -1.3005       3.0000
       4.2500       2.2500     689.0000       0.2040     483.2139      -0.2671       3.0000
       4.2500       2.7500     763.0000       0.2518     487.8394      -0.1130       3.0000
       4.2500       3.2500     597.0000       0.2688     509.3997      -0.5345       3.0000
       4.2500       3.7500     487.0000       0.2708     542.8312       1.3110       3.0000
       4.7500      -3.2500     458.0000      -0.0877     386.3943      -1.7547       3.0000
       4.7500      -2.7500     225.0000       0.0577     398.2196      -1.1405       3.0000
       4.7500      -2.2500     189.0000       0.1873     421.0529      -0.1688       3.0000
       4.7500      -1.7500     202.0000       0.1253     468.6688      -0.7315       3.0000
       4.7500      -1.2500     264.0000       0.1264     409.8557       0.9331       3.0000
       4.7500      -0.7500     258.0000       0.1136     425.5671      -1.9585       3.0000
       4.7500      -0.2500     388.0000       0.1577     465.0925      -1.4801       3.0000
       4.7500       0.2500     366.0000       0.2242     455.6896      -1.9108       3.0000
       4.7500       0.7500     380.0000       0.2348     477.1329      -1.4375       3.0000
       4.7500       1.2500     324.0000       0.2300     474.3247      -2.0568       3.0000
       4.7500       1.7500     399.0000       0.1819     479.0584      -1.5850       3.0000
       4.7500       2.2500     426.0000       0.1814     479.9221      -0.7952       3.0000
       4.7500       2.7500     481.0000       0.2482     502.5268       0.4310       3.0000
       4.7500       3.2500     584.0000       0.3312     546.0719       0.7827       3.0000
       5.2500      -2.7500     183.0000      -0.0633     434.2929      -1.2496       3.0000
       5.2500      -2.2500     346.0000       0.0127     421.2295      -1.5347       3.0000
       5.2500      -1.7500     344.0000       0.1584     428.4073      -2.3807       3.0000
       5.2500      -1.2500     428.0000       0.0904     436.4325      -1.1376       3.0000
       5.2500      -0.7500     476.0000       0.1489     437.0716      -0.6404       3.0000
       5.2500      -0.2500     307.0000       0.2105     459.7544      -0.1425       3.0000
       5.2500       0.2500     290.0000       0.1735     480.3466      -0.1656       3.0000
       5.2500       0.7500     293.0000       0.1568     483.5454      -1.0304       3.0000
       5.2500       1.2500     424.0000       0.2166     491.5356       0.0956       3.0000
       5.2500       1.7500     697.0000       0.1752     498.0857      -0.2898       3.0000
       5.2500       2.2500     569.0000       0.1783     509.3807      -1.2132       3.0000
       5.2500       2.7500     264.0000       0.2364     517.1814      -1.5174       3.0000
       5.7500      -1.2500      44.0000       0.4027     464.1432      -2.9423       3.0000
       5.7500      -0.7500     100.0000       0.1301     432.5200      -0.7051       3.0000
       5.7500      -0.2500     292.0000       0.0918     408.9832       0.5503       3.0000
       5.7500       0.2500     331.0000       0.1374     419.9266       0.6844       3.0000
       5.7500       0.7500     316.0000       0.1688     455.4184       1.2794       3.0000
       5.7500       1.2500     317.0000       0.1479     460.4763       0.2660       3.0000
      -5.7500      -1.2500     475.0000       0.1899     482.8798      -1.6266       3.0000
      -5.7500      -0.7500      61.0000       0.1683     416.5918      -0.7274       3.0000
      -5.7500      -0.2500       2.0000       0.0574     581.4000       1.3150       3.0000
      -5.7500       0.2500     104.0000       0.0524     514.4173       1.2393       3.0000
      -5.7500       0.7500     249.0000       0.0454     511.2462       1.1070       3.0000
      -5.7500       1.2500     414.0000       0.1310     521.5976       1.1419       3.0000
      -5.2500      -2.7500     425.0000       0.2404     517.5525      -0.5923       3.0000
      -5.2500      -2.2500     985.0000       0.1944     499.2697      -0.6354       3.0000
      -5.2500      -1.7500     675.0000       0.1817     494.9987      -1.0493       3.0000
      -5.2500      -1.2500     661.0000       0.1739     464.3120      -1.3797       3.0000
      -5.2500      -0.7500     732.0000       0.0404     480.3981      -0.8321       3.0000
      -5.2500      -0.2500     631.0000       0.0682     455.3024      -1.1273       3.0000
      -5.2500       0.2500     675.0000       0.1857     478.1916      -0.6326       3.0000
      -5.2500       0.7500     892.0000       0.1745     472.1118      -1.0379       3.0000
      -5.2500       1.2500    1344.0000       0.1835     496.7011      -0.7133       3.0000
      -5.2500       1.7500    1499.0000       0.1637     525.2743      -0.2930       3.0000
      -5.2500       2.2500    1054.0000       0.1538     529.2491      -0.5818       3.0000
      -5.2500       2.7500     269.0000       0.2826     520.0833      -0.1736       3.0000
      -4.7500      -3.2500     583.0000       0.1368     486.9787      -1.2411       3.0000
      -4.7500      -2.7500    1125.0000       0.1995     512.4029      -0.2915       3.0000
      -4.7500      -2.2500    1090.0000       0.0200     489.3684      -0.3603       3.0000
      -4.7500      -1.7500    1499.0000       0.0207     473.4873      -0.6464       3.0000
      -4.7500      -1.2500    1396.0000       0.0868     476.3453      -0.7858       3.0000
      -4.7500      -0.7500     736.0000      -0.0578     446.2162      -0.9254       3.0000
      -4.7500      -0.2500     891.0000      -0.0403     478.0025      -1.8909       3.0000
      -4.7500       0.2500     794.0000       0.0035     498.9759      -1.0286       3.0000
      -4.7500       0.7500     747.0000       0.0944     500.2544      -0.6875       3.0000
      -4.7500       1.2500     976.0000       0.1602     498.3053      -0.8187       3.0000
      -4.7500       1.7500    1067.0000       0.1676     496.8292      -0.7291       3.0000
      -4.7500       2.2500    1400.0000       0.1417     510.3914      -0.1780       3.0000
      -4.7500       2.7500    1781.0000       0.1712     519.1360       0.1283       3.0000
      -4.7500       3.2500     752.0000       0.2949     529.8177      -0.7024       3.0000
      -4.2500      -3.7500     993.0000       0.1687     499.9536      -1.1030       3.0000
      -4.2500      -3.2500    1268.0000       0.2276     483.0009      -0.8801       3.0000
      -4.2500      -2.7500    1338.0000       0.0894     487.7467      -0.5789       3.0000
      -4.2500      -2.2500    1145.0000       0.1627     483.3340      -0.8082       3.0000
      -4.2500      -1.7500     897.0000       0.2649     486.4769      -0.9833       3.0000
      -4.2500      -1.2500     595.0000       0.0501     473.0363      -0.6847       3.0000
      -4.2500      -0.7500     485.0000       0.1692     500.2507      -0.2489       3.0000
      -4.2500      -0.2500     384.0000       0.0874     511.8120      -1.1839       3.0000
      -4.2500       0.2500     508.0000      -0.0453     505.3114      -1.0713       3.0000
      -4.2500       0.7500     600.0000      -0.1173     526.9407      -1.1039       3.0000
      -4.2500       1.2500     738.0000       0.0831     518.5058      -0.8582       3.0000
      -4.2500       1.7500     954.0000       0.2734     505.1332      -0.5673       3.0000
      -4.2500       2.2500    1012.0000       0.2188     515.7557       0.4603       3.0000
      -4.2500       2.7500     995.0000       0.1928     512.7890       0.0644       3.0000
      -4.2500       3.2500    1620.0000       0.2559     525.1927      -0.0288       3.0000
      -4.2500       3.7500    1007.0000       0.3879     522.8060      -0.1441       3.0000
      -3.7500      -4.2500     952.0000       0.1365     494.4986      -1.1192       3.0000
      -3.7500      -3.7500    1104.0000       0.1696     459.8059      -1.0077       3.0000
      -3.7500      -3.2500     957.0000       0.1637     496.2447      -1.1364       3.0000
      -3.7500      -2.7500     881.0000       0.0137     462.0000      -0.7193       3.0000
      -3.7500      -2.2500     801.0000       0.2267     465.3620      -1.6504       3.0000
      -3.7500      -1.7500     686.0000       0.1069     462.2417      -0.9742       3.0000
      -3.7500      -1.2500     682.0000      -0.0262     476.0905      -0.8620       3.0000
      -3.7500      -0.7500     394.0000       0.0144     544.1574      -1.2071       3.0000
      -3.7500      -0.2500     341.0000      -0.0471     520.2777      -0.8681       3.0000
      -3.7500       0.2500     359.0000      -0.0826     538.8844      -0.0597       3.0000
      -3.7500       0.7500     474.0000       0.0865     515.5188      -0.3669       3.0000
      -3.7500       1.2500     745.0000       0.0952     495.8089      -1.2793       3.0000
      -3.7500       1.7500     812.0000       0.2021     484.6415      -1.2907       3.0000
      -3.7500       2.2500    1027.0000       0.2388     483.8766      -0.7150       3.0000
      -3.7500       2.7500    1067.0000       0.2426     498.3065      -1.0469       3.0000
      -3.7500       3.2500    1226.0000       0.3326     516.9063      -0.9213       3.0000
      -3.7500       3.7500    1954.0000       0.3528     524.2830      -0.3715       3.0000
      -3.7500       4.2500     736.0000       0.3842     496.8753      -0.5145       3.0000
      -3.2500      -4.7500     840.0000       0.1219     508.9195      -0.7766       3.0000
      -3.2500      -4.2500    1119.0000       0.1455     466.1030      -0.6966       3.0000
      -3.2500      -3.7500     575.0000       0.1335     449.9586      -0.8669       3.0000
      -3.2500      -3.2500     910.0000       0.1673     490.8578      -0.3332       3.0000
      -3.2500      -2.7500     594.0000       0.2147     475.5845       0.0494       3.0000
      -3.2500      -2.2500     706.0000       0.1732     473.2999      -1.5939       3.0000
      -3.2500      -1.7500     503.0000      -0.0524     461.6171      -0.7135       3.0000
      -3.2500      -1.2500     585.0000      -0.1110     486.3841      -1.3337       3.0000
      -3.2500      -0.7500     352.0000      -0.0911     530.7378      -1.6408       3.0000
      -3.2500      -0.2500     378.0000      -0.2179     529.0987      -0.1677       3.0000
      -3.2500       0.2500     340.0000      -0.2255     504.1921      -1.0845       3.0000
      -3.2500       0.7500     294.0000      -0.1112     477.2690      -0.9811       3.0000
      -3.2500       1.2500     720.0000       0.0591     500.4403      -0.3012       3.0000
      -3.2500       1.7500     727.0000       0.1694     487.3155      -0.9492       3.0000
      -3.2500       2.2500     816.0000       0.2679     486.3200      -0.8394       3.0000
      -3.2500       2.7500     824.0000       0.3685     491.3216      -1.1985       3.0000
      -3.2500       3.2500     773.0000       0.4744     529.3762      -0.2860       3.0000
      -3.2500       3.7500    1251.0000       0.4767     510.1826      -0.6337       3.0000
      -3.2500       4.2500    1471.0000       0.4422     540.5827      -0.5405       3.0000
      -3.2500       4.7500     304.0000       0.4527     453.4539      -2.2230       3.0000
      -2.7500      -5.2500     354.0000       0.1925     511.2754      -0.5440       3.0000
      -2.7500      -4.7500    1185.0000       0.0739     480.3048      -0.2020       3.0000
      -2.7500      -4.2500     811.0000       0.1507     468.0038      -0.1225       3.0000
      -2.7500      -3.7500     630.0000       0.1691     445.9097      -0.8761       3.0000
      -2.7500      -3.2500     792.0000       0.1297     476.0182      -0.8188       3.0000
      -2.7500      -2.7500     604.0000       0.1290     468.3233      -0.4113       3.0000
      -2.7500      -2.2500     655.0000      -0.0342     455.5983      -1.1956       3.0000
      -2.7500      -1.7500     652.0000      -0.1386     445.0477      -0.9734       3.0000
      -2.7500      -1.2500     596.0000      -0.1667     493.6240      -0.9426       3.0000
      -2.7500       1.2500     362.0000       0.1058     496.5743      -0.7639       3.0000
      -2.7500       1.7500     567.0000       0.2193     497.4055      -1.5217       3.0000
      -2.7500       2.2500     666.0000       0.3154     485.4923      -1.2965       3.0000
      -2.7500       2.7500     898.0000       0.3724     485.7888      -1.6710       3.0000
      -2.7500       3.2500     787.0000       0.4647     512.8179      -1.1734       3.0000
      -2.7500       3.7500    1233.0000       0.5978     516.9397      -0.5880       3.0000
      -2.7500       4.2500    1565.0000       0.5407     519.7893      -0.4379       3.0000
      -2.7500       4.7500     618.0000       0.4245     540.6060      -0.4294       3.0000
      -2.7500       5.2500     195.0000       0.6841     455.7749      -2.4737       3.0000
      -2.2500      -5.2500     803.0000       0.0294     480.5848      -0.2205       3.0000
      -2.2500      -4.7500    1047.0000       0.0281     465.7642      -0.9279       3.0000
      -2.2500      -4.2500     571.0000       0.1432     470.4660      -0.9244       3.0000
      -2.2500      -3.7500     650.0000       0.1470     450.0335      -0.5906       3.0000
      -2.2500      -3.2500     717.0000       0.0702     477.2983      -0.4804       3.0000
      -2.2500      -2.7500     482.0000       0.0648     487.4025      -0.0224       3.0000
      -2.2500      -2.2500     632.0000      -0.0980     474.7476      -1.2557       3.0000
      -2.2500       2.2500     592.0000       0.2924     480.8476      -0.9914       3.0000
      -2.2500       2.7500     778.0000       0.3690     487.3252      -1.1329       3.0000
      -2.2500       3.2500     757.0000       0.4573     509.5616      -0.3439       3.0000
      -2.2500       3.7500    1118.0000       0.6928     520.9758      -0.6177       3.0000
      -2.2500       4.2500    1548.0000       0.6319     525.0169      -0.8105       3.0000
      -2.2500       4.7500    1164.0000       0.4613     527.1473      -0.8425       3.0000
      -2.2500       5.2500     398.0000       0.5195     493.3301      -1.0305       3.0000
      -1.7500      -5.2500    1090.0000       0.0025     459.4384      -1.6895       3.0000
      -1.7500      -4.7500     941.0000       0.0734     478.6022      -0.8269       3.0000
      -1.7500      -4.2500     625.0000       0.1800     457.0616      -0.6908       3.0000
      -1.7500      -3.7500     468.0000       0.4756     453.7545      -1.7842       3.0000
      -1.7500      -3.2500     572.0000       0.2607     495.3017      -1.2826       3.0000
      -1.7500      -2.7500     406.0000       0.0336     474.5781       0.0548       3.0000
      -1.7500       2.7500     644.0000       0.3858     476.7407      -0.9802       3.0000
      -1.7500       3.2500     639.0000       0.4106     491.6512      -0.8281       3.0000
      -1.7500       3.7500     860.0000       0.6210     519.7405      -1.0604       3.0000
      -1.7500       4.2500    1195.0000       0.6878     537.2150      -0.5118       3.0000
      -1.7500       4.7500    1838.0000       0.5914     524.9517      -0.7821       3.0000
      -1.7500       5.2500     503.0000       0.6751     505.0577      -1.1317       3.0000
      -1.2500      -5.7500     402.0000       0.0847     451.3095      -1.5505       3.0000
      -1.2500      -5.2500    1142.0000       0.0050     454.2754      -0.8672       3.0000
      -1.2500      -4.7500     775.0000       0.0650     463.1143      -1.2003       3.0000
      -1.2500      -4.2500     576.0000       0.3330     463.5620      -0.4096       3.0000
      -1.2500      -3.7500     519.0000       0.3532     469.3832      -0.7736       3.0000
      -1.2500      -3.2500     414.0000       0.2169     482.0935      -0.7241       3.0000
      -1.2500      -2.7500     364.0000      -0.0659     491.4396      -0.0290       3.0000
      -1.2500       2.7500     747.0000       0.2714     470.5092      -1.1101       3.0000
      -1.2500       3.2500     665.0000       0.3682     491.0599      -1.3908       3.0000
      -1.2500       3.7500     807.0000       0.5416     528.7480      -0.6091       3.0000
      -1.2500       4.2500     791.0000       0.6178     514.8417      -0.4507       3.0000
      -1.2500       4.7500    1927.0000       0.6983     513.4785      -1.0065       3.0000
      -1.2500       5.2500     724.0000       0.7118     521.7878      -0.4963       3.0000
      -1.2500       5.7500     374.0000       0.6168     536.6489      -1.2290       3.0000
      -0.7500      -5.7500     627.0000       0.0441     443.8794      -1.7350       3.0000
      -0.7500      -5.2500    1125.0000       0.0288     450.3197      -1.0205       3.0000
      -0.7500      -4.7500     548.0000       0.0433     464.2794      -0.5540       3.0000
      -0.7500      -4.2500     683.0000       0.2107     490.9918      -0.2127       3.0000
      -0.7500      -3.7500     361.0000       0.1686     467.2837      -0.7203       3.0000
      -0.7500      -3.2500     352.0000       0.1661     503.5778      -0.6245       3.0000
      -0.7500       3.2500     728.0000       0.3165     499.8747      -0.7158       3.0000
      -0.7500       3.7500     724.0000       0.3972     515.5644      -1.0183       3.0000
      -0.7500       4.2500     767.0000       0.5076     478.8709      -1.3202       3.0000
      -0.7500       4.7500    1434.0000       0.5953     505.1167      -1.0665       3.0000
      -0.7500       5.2500    1125.0000       0.6502     519.1999      -0.8284       3.0000
      -0.7500       5.7500     569.0000       0.6421     547.1782      -0.8660       3.0000
      -0.2500      -5.7500     770.0000       0.0619     446.5729      -1.6829       3.0000
      -0.2500      -5.2500     945.0000       0.0107     431.4709      -0.4408       3.0000
      -0.2500      -4.7500     657.0000       0.1064     469.2170      -0.5392       3.0000
      -0.2500      -4.2500     513.0000       0.1900     471.4710      -0.2968       3.0000
      -0.2500      -3.7500     426.0000       0.2157     501.6371      -0.7107       3.0000
      -0.2500      -3.2500     339.0000       0.0212     453.2233      -0.6425       3.0000
      -0.2500       3.2500     746.0000       0.3350     494.3870      -0.7403       3.0000
      -0.2500       3.7500     656.0000       0.3533     480.3837      -1.4287       3.0000
      -0.2500       4.2500     863.0000       0.5038     475.4525      -1.1693       3.0000
      -0.2500       4.7500    1095.0000       0.5581     488.1728      -1.4236       3.0000
      -0.2500       5.2500    1240.0000       0.6044     510.7335      -0.4475       3.0000
      -0.2500       5.7500     717.0000       0.6300     518.6049      -1.3115       3.0000
       0.2500      -5.7500     590.0000      -0.0610     456.1695      -0.2645       3.0000
       0.2500      -5.2500    1202.0000       0.0735     430.9995      -0.3692       3.0000
       0.2500      -4.7500     604.0000       0.1418     451.3727       0.1098       3.0000
       0.2500      -4.2500     415.0000       0.1202     500.1802      -0.7389       3.0000
       0.2500      -3.7500     493.0000       0.2577     476.9282      -1.0665       3.0000
       0.2500      -3.2500     486.0000       0.1048     465.4506      -1.9284       3.0000
       0.2500       3.2500     737.0000       0.2603     473.8691      -0.5676       3.0000
       0.2500       3.7500     711.0000       0.3965     459.7264      -1.3506       3.0000
       0.2500       4.2500     595.0000       0.4347     497.8481      -0.7920       3.0000
       0.2500       4.7500    1435.0000       0.4972     503.4725      -0.8762       3.0000
       0.2500       5.2500    1080.0000       0.5361     483.7480      -0.4558       3.0000
       0.2500       5.7500     731.0000       0.5708     515.0423      -0.9869       3.0000
       0.7500      -5.7500     517.0000      -0.0153     454.3232      -0.6778       3.0000
       0.7500      -5.2500    1131.0000       0.0606     431.1325      -0.4021       3.0000
       0.7500      -4.7500     706.0000       0.0472     457.4592      -0.1185       3.0000
       0.7500      -4.2500     449.0000       0.1359     444.7837       0.1504       3.0000
       0.7500      -3.7500     484.0000       0.0907     448.4661      -1.3863       3.0000
       0.7500      -3.2500     488.0000       0.1536     463.1260      -1.0144       3.0000
       0.7500       3.2500     739.0000       0.2734     477.3777      -1.4587       3.0000
       0.7500       3.7500     676.0000       0.3195     492.2463      -0.5830       3.0000
       0.7500       4.2500     646.0000       0.3639     494.6124      -1.2906       3.0000
       0.7500       4.7500    1246.0000       0.4764     490.2710      -0.6017       3.0000
       0.7500       5.2500    1015.0000       0.4945     468.4113      -0.3147       3.0000
       0.7500       5.7500     667.0000       0.5932     503.2627      -0.8472       3.0000
       1.2500      -5.7500     337.0000       0.0358     453.0855      -0.6124       3.0000
       1.2500      -5.2500    1007.0000       0.0897     443.6459      -0.4244       3.0000
       1.2500      -4.7500     779.0000      -0.0859     451.2024      -0.4607       3.0000
       1.2500      -4.2500     507.0000       0.1152     438.1937      -0.8493       3.0000
       1.2500      -3.7500     517.0000      -0.0335     428.4431      -1.4591       3.0000
       1.2500      -3.2500     431.0000       0.1089     446.5497      -0.6858       3.0000
       1.2500      -2.7500     391.0000       0.0772     479.3570      -1.1029       3.0000
       1.2500       2.7500     465.0000       0.0537     487.7243      -1.0937       3.0000
       1.2500       3.2500     646.0000       0.1721     502.2206      -0.9519       3.0000
       1.2500       3.7500     824.0000       0.2710     509.3892      -1.1655       3.0000
       1.2500       4.2500     931.0000       0.3336     487.7491      -0.5380       3.0000
       1.2500       4.7500    1125.0000       0.4515     469.4900      -0.6689       3.0000
       1.2500       5.2500    1118.0000       0.5345     473.2369      -1.6026       3.0000
       1.2500       5.7500     377.0000       0.7093     492.2446      -0.3116       3.0000
       1.7500      -5.2500     735.0000       0.0276     436.8631      -0.7253       3.0000
       1.7500      -4.7500     997.0000       0.0633     456.1737      -0.8790       3.0000
       1.7500      -4.2500     577.0000       0.0444     422.1263      -0.6525       3.0000
       1.7500      -3.7500     561.0000      -0.0614     423.0098      -1.3590       3.0000
       1.7500      -3.2500     403.0000       0.0329     452.3732      -0.7713       3.0000
       1.7500      -2.7500     413.0000       0.0604     468.0269      -0.3332       3.0000
       1.7500       2.7500     700.0000       0.0397     498.7769      -0.9525       3.0000
       1.7500       3.2500     710.0000       0.1563     508.0400      -0.9980       3.0000
       1.7500       3.7500     999.0000       0.2682     495.9748      -0.8319       3.0000
       1.7500       4.2500     915.0000       0.3577     475.9934      -0.6091       3.0000
       1.7500       4.7500    1064.0000       0.4747     461.2655      -1.0227       3.0000
       1.7500       5.2500    1009.0000       0.5409     465.4103      -1.4309       3.0000
       2.2500      -5.2500     531.0000       0.0680     427.0394      -0.6932       3.0000
       2.2500      -4.7500     942.0000       0.0287     466.2278      -0.7840       3.0000
       2.2500      -4.2500     733.0000       0.0659     431.8638      -1.8408       3.0000
       2.2500      -3.7500     673.0000       0.0267     448.6132      -0.9880       3.0000
       2.2500      -3.2500     482.0000       0.1137     446.1693      -0.7899       3.0000
       2.2500      -2.7500     465.0000       0.0684     461.6800      -0.1076       3.0000
       2.2500      -2.2500     597.0000       0.0961     465.6079      -1.1892       3.0000
       2.2500       2.2500     479.0000       0.0592     522.8557      -0.0789       3.0000
       2.2500       2.7500     716.0000       0.0579     502.9626      -0.1646       3.0000
       2.2500       3.2500     623.0000       0.1993     485.1047      -0.9401       3.0000
       2.2500       3.7500     770.0000       0.2409     488.0455      -0.1644       3.0000
       2.2500       4.2500    1002.0000       0.2664     488.9468      -0.1193       3.0000
       2.2500       4.7500     857.0000       0.4194     448.8853      -1.3890       3.0000
       2.2500       5.2500     690.0000       0.5312     453.0128      -1.1326       3.0000
       2.7500      -5.2500     265.0000       0.0449     422.2087      -1.7645       3.0000
       2.7500      -4.7500     788.0000      -0.0529     448.4129      -0.3573       3.0000
       2.7500      -4.2500     873.0000       0.0246     419.9668      -1.9206       3.0000
       2.7500      -3.7500     651.0000       0.0743     445.1991      -1.4096       3.0000
       2.7500      -3.2500     558.0000       0.0625     455.0373      -1.6275       3.0000
       2.7500      -2.7500     444.0000       0.0387     460.9944      -1.5154       3.0000
       2.7500      -2.2500     575.0000       0.1124     475.1358      -1.3314       3.0000
       2.7500      -1.7500     503.0000       0.1019     464.1018      -1.1394       3.0000
       2.7500      -1.2500     478.0000       0.1327     476.4274      -0.6680       3.0000
       2.7500       1.2500     497.0000       0.0758     470.3875      -0.7070       3.0000
       2.7500       1.7500     515.0000       0.0153     465.0748      -0.4898       3.0000
       2.7500       2.2500     512.0000       0.0842     504.3867      -0.0682       3.0000
       2.7500       2.7500     726.0000       0.0920     479.4687      -0.4435       3.0000
       2.7500       3.2500     724.0000       0.1506     473.1910      -0.7614       3.0000
       2.7500       3.7500     898.0000       0.2391     481.1364      -0.5913       3.0000
       2.7500       4.2500     827.0000       0.2084     452.2134      -1.1813       3.0000
       2.7500       4.7500    1083.0000       0.4344     448.4518      -1.2289       3.0000
       2.7500       5.2500      89.0000       0.6847     509.4449      -1.9398       3.0000
       3.2500      -4.7500     507.0000       0.0191     446.7966      -1.1820       3.0000
       3.2500      -4.2500    1081.0000      -0.0710     430.1310      -1.9401       3.0000
       3.2500      -3.7500     659.0000      -0.1114     434.1757      -1.1905       3.0000
       3.2500      -3.2500     507.0000       0.0152     443.7156      -1.0026       3.0000
       3.2500      -2.7500     450.0000       0.0337     461.8142      -0.9954       3.0000
       3.2500      -2.2500     574.0000       0.0873     456.4969      -1.5631       3.0000
       3.2500      -1.7500     485.0000       0.1155     464.8505      -1.1979       3.0000
       3.2500      -1.2500     462.0000       0.1427     461.2712      -0.9194       3.0000
       3.2500      -0.7500     533.0000       0.1906     461.2098      -1.7035       3.0000
       3.2500      -0.2500     582.0000       0.2019     463.5094      -0.6453       3.0000
       3.2500       0.2500     486.0000       0.0961     447.6025      -0.7359       3.0000
       3.2500       0.7500     493.0000       0.0578     451.8521      -1.0230       3.0000
       3.2500       1.2500     446.0000       0.0333     450.4948      -0.2158       3.0000
       3.2500       1.7500     456.0000      -0.0514     474.5910       0.5620       3.0000
       3.2500       2.2500     598.0000       0.0996     511.9341       0.2544       3.0000
       3.2500       2.7500     517.0000       0.0093     443.5644      -0.9526       3.0000
       3.2500       3.2500     696.0000       0.1995     464.0809      -1.8341       3.0000
       3.2500       3.7500     958.0000       0.2612     483.8130      -1.1864       3.0000
       3.2500       4.2500    1390.0000       0.3310     456.2526      -0.6401       3.0000
       3.2500       4.7500     390.0000       0.4895     434.0772      -0.7948       3.0000
       3.7500      -4.2500     811.0000       0.0207     422.7256      -0.8194       3.0000
       3.7500      -3.7500    1103.0000      -0.0769     446.1836      -0.9484       3.0000
       3.7500      -3.2500     732.0000      -0.1209     446.4930      -0.7733       3.0000
       3.7500      -2.7500     652.0000      -0.0439     479.2097      -0.8214       3.0000
       3.7500      -2.2500     817.0000       0.0037     460.4191      -1.1904       3.0000
       3.7500      -1.7500     775.0000       0.0803     462.7715      -0.6778       3.0000
       3.7500      -1.2500     661.0000       0.1427     470.7041      -0.8672       3.0000
       3.7500      -0.7500     596.0000       0.1619     467.5767      -1.0475       3.0000
       3.7500      -0.2500     408.0000       0.1119     461.4480      -1.9126       3.0000
       3.7500       0.2500     391.0000       0.1236     473.6821      -1.0882       3.0000
       3.7500       0.7500     497.0000       0.1246     471.0135      -0.4863       3.0000
       3.7500       1.2500     457.0000       0.0925     458.9475      -0.6461       3.0000
       3.7500       1.7500     374.0000       0.0575     453.0583       0.0947       3.0000
       3.7500       2.2500     824.0000       0.1133     490.1058       0.0383       3.0000
       3.7500       2.7500     720.0000       0.1009     438.3103      -1.3877       3.0000
       3.7500       3.2500    1021.0000       0.1693     473.6517      -0.7374       3.0000
       3.7500       3.7500    1268.0000       0.2523     461.9182      -0.8081       3.0000
       3.7500       4.2500     533.0000       0.2442     443.7674      -1.0175       3.0000
       4.2500      -3.7500    1079.0000      -0.0874     417.9148      -1.4746       3.0000
       4.2500      -3.2500     902.0000      -0.0910     432.4611      -1.4536       3.0000
       4.2500      -2.7500     595.0000      -0.0116     475.7671      -1.2777       3.0000
       4.2500      -2.2500     656.0000       0.0144     448.4750      -1.2435       3.0000
       4.2500      -1.7500     802.0000       0.0676     472.5842      -0.9369       3.0000
       4.2500      -1.2500     514.0000       0.0274     452.4422      -0.0439       3.0000
       4.2500      -0.7500     639.0000       0.0680     471.7027      -0.7698       3.0000
       4.2500      -0.2500     695.0000       0.0977     467.0443      -0.8496       3.0000
       4.2500       0.2500     611.0000       0.0804     464.0604      -1.3918       3.0000
       4.2500       0.7500     442.0000       0.1056     468.8747      -0.9851       3.0000
       4.2500       1.2500     616.0000       0.0165     477.4951      -0.9878       3.0000
       4.2500       1.7500     774.0000       0.1340     495.7926      -0.8804       3.0000
       4.2500       2.2500    1047.0000       0.0789     463.8786      -0.9104       3.0000
       4.2500       2.7500    1278.0000       0.1837     458.9398      -1.0033       3.0000
       4.2500       3.2500    1155.0000       0.2025     486.3142      -0.9810       3.0000
       4.2500       3.7500     571.0000       0.2770     507.2091      -1.1234       3.0000
       4.7500      -3.2500     791.0000      -0.1444     413.8918      -1.5635       3.0000
       4.7500      -2.7500     857.0000      -0.0572     441.1272      -2.1060       3.0000
       4.7500      -2.2500     730.0000      -0.0405     477.0174      -1.3690       3.0000
       4.7500      -1.7500     810.0000      -0.0871     469.8406      -0.7053       3.0000
       4.7500      -1.2500     862.0000      -0.0119     489.3745      -0.8055       3.0000
       4.7500      -0.7500     649.0000      -0.0615     461.1555      -0.0484       3.0000
       4.7500      -0.2500     725.0000       0.0837     469.6490      -0.3360       3.0000
       4.7500       0.2500     822.0000       0.1134     482.0687      -0.6277       3.0000
       4.7500       0.7500     927.0000       0.0537     467.9315      -1.0709       3.0000
       4.7500       1.2500    1168.0000       0.0835     463.1332      -1.1250       3.0000
       4.7500       1.7500    1484.0000       0.0631     478.1418      -0.3910       3.0000
       4.7500       2.2500     911.0000      -0.0080     468.8799      -0.4783       3.0000
       4.7500       2.7500     557.0000       0.1582     542.5864      -1.4282       3.0000
       4.7500       3.2500     417.0000       0.2567     556.5930      -0.8980       3.0000
       5.2500      -2.7500     292.0000      -0.1893     407.8777      -1.2147       3.0000
       5.2500      -2.2500     638.0000      -0.1696     432.0199      -0.9558       3.0000
       5.2500      -1.7500     889.0000      -0.0384     464.9052      -0.9278       3.0000
       5.2500      -1.2500     858.0000       0.0067     476.6556      -0.1189       3.0000
       5.2500      -0.7500    1128.0000       0.0144     491.0314      -0.0728       3.0000
       5.2500      -0.2500     988.0000      -0.0975     494.0486      -0.1465       3.0000
       5.2500       0.2500     893.0000       0.0227     481.5655      -0.9346       3.0000
       5.2500       0.7500     795.0000       0.1123     486.5387      -1.5027       3.0000
       5.2500       1.2500     759.0000       0.0805     527.8880      -0.2396       3.0000
       5.2500       1.7500     914.0000       0.0366     522.4751       0.0162       3.0000
       5.2500       2.2500     592.0000       0.2329     537.9752      -1.0626       3.0000
       5.2500       2.7500     251.0000       0.3214     570.6737      -0.7531       3.0000
       5.7500      -1.2500     324.0000      -0.0578     451.3157      -0.5090       3.0000
       5.7500      -0.7500     400.0000       0.1059     474.5465      -0.5546       3.0000
       5.7500      -0.2500     652.0000       0.1366     493.5374      -0.5164       3.0000
       5.7500       0.2500     737.0000       0.0472     507.4963       0.0270       3.0000
       5.7500       0.7500     755.0000       0.0065     517.0585       0.1912       3.0000
       5.7500       1.2500     629.0000      -0.1214     475.9032      -0.7752       3.0000